0.0040839,-0.0022595,1,0.20478,-0.11042,0,0.057867,0.25507,0,0,0
0.0081909,-0.004417,1,0.20593,-0.10533,0,0.057336,0.25397,0,0,0
0.012321,-0.0064729,1,0.20707,-0.10026,0,0.056804,0.25286,0,0,0
0.016474,-0.0084277,1,0.2082,-0.095217,0,0.056273,0.25175,0,0,0
0.020649,-0.010282,1,0.20932,-0.090193,0,0.055742,0.25064,0,0,0
0.024846,-0.012036,1,0.21043,-0.085191,0,0.05521,0.24954,0,0,0
0.029066,-0.01369,1,0.21153,-0.080211,0,0.054679,0.24843,0,0,0
0.033307,-0.015244,1,0.21262,-0.075254,0,0.054148,0.24732,0,0,0
0.03757,-0.0167,1,0.21369,-0.070318,0,0.053616,0.24621,0,0,0
0.041855,-0.018057,1,0.21476,-0.065405,0,0.053085,0.24511,0,0,0
0.046161,-0.019316,1,0.21582,-0.060514,0,0.052554,0.244,0,0,0
0.050488,-0.020478,1,0.21686,-0.055645,0,0.052022,0.24289,0,0,0
0.054835,-0.021542,1,0.2179,-0.050798,0,0.051491,0.24179,0,0,0
0.059204,-0.02251,1,0.21892,-0.045974,0,0.05096,0.24068,0,0,0
0.063592,-0.023381,1,0.21994,-0.041171,0,0.050428,0.23957,0,0,0
0.068001,-0.024157,1,0.22094,-0.036391,0,0.049897,0.23846,0,0,0
0.07243,-0.024837,1,0.22193,-0.031633,0,0.049366,0.23736,0,0,0
0.076878,-0.025422,1,0.22291,-0.026897,0,0.048834,0.23625,0,0,0
0.081346,-0.025913,1,0.22389,-0.022183,0,0.048303,0.23514,0,0,0
0.085833,-0.02631,1,0.22485,-0.017491,0,0.047771,0.23403,0,0,0
0.09034,-0.026613,1,0.2258,-0.012821,0,0.04724,0.23293,0,0,0
0.094865,-0.026823,1,0.22674,-0.008174,0,0.046709,0.23182,0,0,0
0.099409,-0.02694,1,0.22766,-0.0035487,0,0.046177,0.23071,0,0,0
0.10397,-0.026965,1,0.22858,0.0010545,0,0.045646,0.2296,0,0,0
0.10855,-0.026898,1,0.22949,0.0056355,0,0.045115,0.2285,0,0,0
0.11315,-0.02674,1,0.23039,0.010194,0,0.044583,0.22739,0,0,0
0.11777,-0.02649,1,0.23127,0.014731,0,0.044052,0.22628,0,0,0
0.1224,-0.02615,1,0.23215,0.019246,0,0.043521,0.22517,0,0,0
0.12705,-0.025721,1,0.23301,0.023738,0,0.042989,0.22407,0,0,0
0.13172,-0.025201,1,0.23387,0.028208,0,0.042458,0.22296,0,0,0
0.13641,-0.024592,1,0.23471,0.032656,0,0.041927,0.22185,0,0,0
0.14111,-0.023895,1,0.23555,0.037082,0,0.041395,0.22074,0,0,0
0.14583,-0.023109,1,0.23637,0.041486,0,0.040864,0.21964,0,0,0
0.15057,-0.022236,1,0.23718,0.045868,0,0.040333,0.21853,0,0,0
0.15532,-0.021275,1,0.23798,0.050227,0,0.039801,0.21742,0,0,0
0.16009,-0.020227,1,0.23877,0.054565,0,0.03927,0.21632,0,0,0
0.16487,-0.019092,1,0.23955,0.05888,0,0.038739,0.21521,0,0,0
0.16967,-0.017872,1,0.24032,0.063173,0,0.038208,0.2141,0,0,0
0.17448,-0.016565,1,0.24108,0.067444,0,0.037676,0.21299,0,0,0
0.17931,-0.015174,1,0.24183,0.071693,0,0.037145,0.21189,0,0,0
0.18415,-0.013698,1,0.24257,0.07592,0,0.036614,0.21078,0,0,0
0.18901,-0.012137,1,0.24329,0.080124,0,0.036082,0.20967,0,0,0
0.19389,-0.010493,1,0.24401,0.084306,0,0.035551,0.20856,0,0,0
0.19877,-0.0087653,1,0.24472,0.088467,0,0.03502,0.20746,0,0,0
0.20367,-0.0069545,1,0.24541,0.092605,0,0.034489,0.20635,0,0,0
0.20859,-0.0050612,1,0.2461,0.096721,0,0.033957,0.20524,0,0,0
0.21352,-0.0030859,1,0.24677,0.10081,0,0.033426,0.20414,0,0,0
0.21846,-0.0010288,1,0.24743,0.10489,0,0.032895,0.20303,0,0,0
0.22342,0.0011094,1,0.24809,0.10894,0,0.032364,0.20192,0,0,0
0.22838,0.0033285,1,0.24873,0.11296,0,0.031833,0.20081,0,0,0
0.23336,0.0056278,1,0.24936,0.11697,0,0.031301,0.19971,0,0,0
0.23836,0.008007,1,0.24998,0.12095,0,0.03077,0.1986,0,0,0
0.24336,0.010466,1,0.25059,0.12491,0,0.030239,0.19749,0,0,0
0.24838,0.013003,1,0.25119,0.12885,0,0.029708,0.19639,0,0,0
0.25341,0.01562,1,0.25178,0.13277,0,0.029177,0.19528,0,0,0
0.25845,0.018314,1,0.25236,0.13666,0,0.028646,0.19417,0,0,0
0.26351,0.021086,1,0.25292,0.14053,0,0.028115,0.19306,0,0,0
0.26857,0.023935,1,0.25348,0.14438,0,0.027584,0.19196,0,0,0
0.27364,0.026861,1,0.25403,0.14821,0,0.027053,0.19085,0,0,0
0.27873,0.029864,1,0.25456,0.15202,0,0.026522,0.18974,0,0,0
0.28383,0.032942,1,0.25509,0.1558,0,0.025991,0.18864,0,0,0
0.28893,0.036095,1,0.2556,0.15956,0,0.02546,0.18753,0,0,0
0.29405,0.039324,1,0.25611,0.1633,0,0.024929,0.18642,0,0,0
0.29918,0.042627,1,0.2566,0.16702,0,0.024398,0.18532,0,0,0
0.30432,0.046005,1,0.25708,0.17072,0,0.023867,0.18421,0,0,0
0.30946,0.049456,1,0.25755,0.17439,0,0.023336,0.1831,0,0,0
0.31462,0.05298,1,0.25802,0.17804,0,0.022806,0.182,0,0,0
0.31978,0.056577,1,0.25847,0.18167,0,0.022275,0.18089,0,0,0
0.32496,0.060247,1,0.25891,0.18528,0,0.021744,0.17978,0,0,0
0.33014,0.063988,1,0.25934,0.18886,0,0.021213,0.17868,0,0,0
0.33533,0.067801,1,0.25976,0.19242,0,0.020683,0.17757,0,0,0
0.34053,0.071685,1,0.26016,0.19596,0,0.020152,0.17647,0,0,0
0.34574,0.07564,1,0.26056,0.19948,0,0.019621,0.17536,0,0,0
0.35095,0.079664,1,0.26095,0.20298,0,0.019091,0.17425,0,0,0
0.35617,0.083759,1,0.26133,0.20645,0,0.01856,0.17315,0,0,0
0.3614,0.087922,1,0.26169,0.2099,0,0.01803,0.17204,0,0,0
0.36664,0.092155,1,0.26205,0.21333,0,0.0175,0.17094,0,0,0
0.37189,0.096455,1,0.26239,0.21674,0,0.016969,0.16983,0,0,0
0.37714,0.10082,1,0.26272,0.22013,0,0.016439,0.16872,0,0,0
0.38239,0.10526,1,0.26305,0.22349,0,0.015909,0.16762,0,0,0
0.38766,0.10976,1,0.26336,0.22683,0,0.015379,0.16651,0,0,0
0.39293,0.11433,1,0.26366,0.23015,0,0.014848,0.16541,0,0,0
0.3982,0.11897,1,0.26396,0.23345,0,0.014318,0.1643,0,0,0
0.40349,0.12367,1,0.26424,0.23672,0,0.013788,0.1632,0,0,0
0.40877,0.12844,1,0.26451,0.23998,0,0.013259,0.16209,0,0,0
0.41407,0.13327,1,0.26477,0.24321,0,0.012729,0.16099,0,0,0
0.41936,0.13817,1,0.26502,0.24642,0,0.012199,0.15988,0,0,0
0.42467,0.14313,1,0.26525,0.2496,0,0.011669,0.15878,0,0,0
0.42998,0.14815,1,0.26548,0.25277,0,0.01114,0.15767,0,0,0
0.43529,0.15324,1,0.2657,0.25591,0,0.01061,0.15657,0,0,0
0.4406,0.15839,1,0.26591,0.25903,0,0.010081,0.15546,0,0,0
0.44592,0.1636,1,0.2661,0.26213,0,0.0095512,0.15436,0,0,0
0.45125,0.16887,1,0.26629,0.2652,0,0.0090219,0.15326,0,0,0
0.45657,0.17421,1,0.26646,0.26826,0,0.0084927,0.15215,0,0,0
0.46191,0.1796,1,0.26663,0.27129,0,0.0079635,0.15105,0,0,0
0.46724,0.18506,1,0.26678,0.2743,0,0.0074345,0.14994,0,0,0
0.47258,0.19057,1,0.26693,0.27729,0,0.0069056,0.14884,0,0,0
0.47792,0.19615,1,0.26706,0.28025,0,0.0063768,0.14774,0,0,0
0.48326,0.20178,1,0.26718,0.2832,0,0.0058481,0.14663,0,0,0
0.4886,0.20748,1,0.26729,0.28612,0,0.0053195,0.14553,0,0,0
0.49395,0.21323,1,0.26739,0.28902,0,0.004791,0.14443,0,0,0
0.4993,0.21904,1,0.26748,0.2919,0,0.0042626,0.14333,0,0,0
0.50465,0.2249,1,0.26756,0.29475,0,0.0037344,0.14222,0,0,0
0.51,0.23083,1,0.26763,0.29758,0,0.0032063,0.14112,0,0,0
0.51536,0.23681,1,0.26769,0.3004,0,0.0026783,0.14002,0,0,0
0.52071,0.24284,1,0.26774,0.30319,0,0.0021504,0.13892,0,0,0
0.52606,0.24893,1,0.26778,0.30595,0,0.0016227,0.13781,0,0,0
0.53142,0.25508,1,0.26781,0.3087,0,0.0010951,0.13671,0,0,0
0.53678,0.26128,1,0.26782,0.31142,0,0.00056761,0.13561,0,0,0
0.54213,0.26754,1,0.26783,0.31412,0,4.0296e-05,0.13451,0,0,0
0.54749,0.27385,1,0.26782,0.3168,0,-0.00048687,0.13341,0,0,0
0.55285,0.28021,1,0.26781,0.31946,0,-0.0010139,0.13231,0,0,0
0.5582,0.28662,1,0.26778,0.32209,0,-0.0015407,0.13121,0,0,0
0.56356,0.29309,1,0.26775,0.32471,0,-0.0020674,0.13011,0,0,0
0.56891,0.29961,1,0.2677,0.3273,0,-0.0025939,0.12901,0,0,0
0.57427,0.30618,1,0.26764,0.32987,0,-0.0031203,0.12791,0,0,0
0.57962,0.31281,1,0.26758,0.33241,0,-0.0036465,0.12681,0,0,0
0.58497,0.31948,1,0.2675,0.33494,0,-0.0041725,0.12571,0,0,0
0.59032,0.32621,1,0.26741,0.33744,0,-0.0046983,0.12461,0,0,0
0.59567,0.33298,1,0.26731,0.33992,0,-0.0052239,0.12352,0,0,0
0.60101,0.3398,1,0.2672,0.34238,0,-0.0057493,0.12242,0,0,0
0.60635,0.34667,1,0.26708,0.34482,0,-0.0062745,0.12132,0,0,0
0.61169,0.35359,1,0.26695,0.34724,0,-0.0067996,0.12022,0,0,0
0.61703,0.36056,1,0.26681,0.34963,0,-0.0073244,0.11913,0,0,0
0.62237,0.36758,1,0.26666,0.352,0,-0.007849,0.11803,0,0,0
0.6277,0.37464,1,0.26649,0.35435,0,-0.0083733,0.11693,0,0,0
0.63303,0.38175,1,0.26632,0.35668,0,-0.0088975,0.11584,0,0,0
0.63835,0.38891,1,0.26614,0.35898,0,-0.0094214,0.11474,0,0,0
0.64367,0.39611,1,0.26594,0.36127,0,-0.0099451,0.11365,0,0,0
0.64899,0.40336,1,0.26574,0.36353,0,-0.010469,0.11255,0,0,0
0.6543,0.41065,1,0.26553,0.36577,0,-0.010992,0.11146,0,0,0
0.65961,0.41799,1,0.2653,0.36799,0,-0.011515,0.11036,0,0,0
0.66491,0.42537,1,0.26507,0.37019,0,-0.012037,0.10927,0,0,0
0.67021,0.4328,1,0.26482,0.37236,0,-0.01256,0.10818,0,0,0
0.6755,0.44027,1,0.26456,0.37451,0,-0.013082,0.10708,0,0,0
0.68079,0.44778,1,0.2643,0.37664,0,-0.013604,0.10599,0,0,0
0.68608,0.45533,1,0.26402,0.37875,0,-0.014125,0.1049,0,0,0
0.69135,0.46293,1,0.26373,0.38084,0,-0.014647,0.10381,0,0,0
0.69663,0.47057,1,0.26343,0.3829,0,-0.015168,0.10272,0,0,0
0.70189,0.47825,1,0.26312,0.38495,0,-0.015688,0.10163,0,0,0
0.70715,0.48596,1,0.26281,0.38697,0,-0.016209,0.10054,0,0,0
0.7124,0.49372,1,0.26248,0.38897,0,-0.016729,0.099447,0,0,0
0.71765,0.50152,1,0.26214,0.39095,0,-0.017249,0.098358,0,0,0
0.72289,0.50936,1,0.26179,0.3929,0,-0.017768,0.09727,0,0,0
0.72812,0.51724,1,0.26143,0.39484,0,-0.018287,0.096182,0,0,0
0.73335,0.52515,1,0.26105,0.39675,0,-0.018806,0.095094,0,0,0
0.73856,0.53311,1,0.26067,0.39864,0,-0.019324,0.094008,0,0,0
0.74377,0.5411,1,0.26028,0.40051,0,-0.019842,0.092921,0,0,0
0.74897,0.54913,1,0.25988,0.40236,0,-0.02036,0.091836,0,0,0
0.75417,0.55719,1,0.25947,0.40418,0,-0.020877,0.090751,0,0,0
0.75935,0.5653,1,0.25904,0.40599,0,-0.021394,0.089666,0,0,0
0.76453,0.57343,1,0.25861,0.40777,0,-0.021911,0.088583,0,0,0
0.7697,0.58161,1,0.25817,0.40953,0,-0.022427,0.087499,0,0,0
0.77486,0.58982,1,0.25771,0.41127,0,-0.022943,0.086417,0,0,0
0.78001,0.59806,1,0.25725,0.41299,0,-0.023458,0.085335,0,0,0
0.78515,0.60633,1,0.25678,0.41468,0,-0.023973,0.084254,0,0,0
0.79028,0.61464,1,0.25629,0.41636,0,-0.024488,0.083173,0,0,0
0.7954,0.62299,1,0.2558,0.41801,0,-0.025002,0.082093,0,0,0
0.80051,0.63137,1,0.25529,0.41964,0,-0.025515,0.081014,0,0,0
0.80561,0.63977,1,0.25478,0.42125,0,-0.026028,0.079936,0,0,0
0.8107,0.64822,1,0.25425,0.42284,0,-0.026541,0.078858,0,0,0
0.81578,0.65669,1,0.25371,0.42441,0,-0.027053,0.077781,0,0,0
0.82085,0.66519,1,0.25317,0.42595,0,-0.027565,0.076705,0,0,0
0.82591,0.67373,1,0.25261,0.42747,0,-0.028076,0.075629,0,0,0
0.83095,0.68229,1,0.25205,0.42898,0,-0.028587,0.074555,0,0,0
0.83599,0.69088,1,0.25147,0.43046,0,-0.029097,0.073481,0,0,0
0.84101,0.69951,1,0.25088,0.43192,0,-0.029607,0.072408,0,0,0
0.84602,0.70816,1,0.25028,0.43335,0,-0.030116,0.071336,0,0,0
0.85102,0.71684,1,0.24968,0.43477,0,-0.030625,0.070265,0,0,0
0.85601,0.72555,1,0.24906,0.43616,0,-0.031133,0.069194,0,0,0
0.86098,0.73429,1,0.24843,0.43754,0,-0.031641,0.068125,0,0,0
0.86595,0.74305,1,0.24779,0.43889,0,-0.032148,0.067056,0,0,0
0.8709,0.75184,1,0.24715,0.44022,0,-0.032654,0.065988,0,0,0
0.87583,0.76066,1,0.24649,0.44153,0,-0.03316,0.064921,0,0,0
0.88076,0.76951,1,0.24582,0.44282,0,-0.033665,0.063855,0,0,0
0.88567,0.77837,1,0.24514,0.44408,0,-0.03417,0.06279,0,0,0
0.89056,0.78727,1,0.24445,0.44533,0,-0.034674,0.061727,0,0,0
0.89544,0.79619,1,0.24375,0.44655,0,-0.035178,0.060664,0,0,0
0.90031,0.80513,1,0.24304,0.44775,0,-0.03568,0.059602,0,0,0
0.90517,0.8141,1,0.24233,0.44894,0,-0.036183,0.058541,0,0,0
0.91,0.82309,1,0.2416,0.4501,0,-0.036684,0.057481,0,0,0
0.91483,0.8321,1,0.24086,0.45123,0,-0.037185,0.056422,0,0,0
0.91964,0.84114,1,0.24011,0.45235,0,-0.037685,0.055364,0,0,0
0.92443,0.85019,1,0.23935,0.45345,0,-0.038185,0.054308,0,0,0
0.92921,0.85927,1,0.23858,0.45453,0,-0.038683,0.053252,0,0,0
0.93398,0.86838,1,0.2378,0.45558,0,-0.039182,0.052198,0,0,0
0.93872,0.8775,1,0.23702,0.45661,0,-0.039679,0.051144,0,0,0
0.94346,0.88664,1,0.23622,0.45763,0,-0.040175,0.050092,0,0,0
0.94817,0.8958,1,0.23541,0.45862,0,-0.040671,0.049042,0,0,0
0.95287,0.90498,1,0.23459,0.45959,0,-0.041166,0.047992,0,0,0
0.95756,0.91419,1,0.23376,0.46054,0,-0.041661,0.046943,0,0,0
0.96222,0.92341,1,0.23292,0.46146,0,-0.042154,0.045896,0,0,0
0.96687,0.93264,1,0.23208,0.46237,0,-0.042647,0.04485,0,0,0
0.97151,0.9419,1,0.23122,0.46326,0,-0.043139,0.043806,0,0,0
0.97612,0.95117,1,0.23035,0.46412,0,-0.04363,0.042762,0,0,0
0.98072,0.96047,1,0.22947,0.46497,0,-0.04412,0.04172,0,0,0
0.9853,0.96977,1,0.22859,0.46579,0,-0.04461,0.04068,0,0,0
0.98986,0.9791,1,0.22769,0.4666,0,-0.045098,0.03964,0,0,0
0.99441,0.98844,1,0.22678,0.46738,0,-0.045586,0.038603,0,0,0
0.99894,0.99779,1,0.22586,0.46814,0,-0.046073,0.037566,0,0,0
1.0034,1.0072,1,0.22494,0.46888,0,-0.046559,0.036531,0,0,0
1.0079,1.0165,1,0.224,0.4696,0,-0.047044,0.035497,0,0,0
1.0124,1.0259,1,0.22306,0.4703,0,-0.047528,0.034465,0,0,0
1.0169,1.0354,1,0.2221,0.47098,0,-0.048011,0.033435,0,0,0
1.0213,1.0448,1,0.22114,0.47164,0,-0.048493,0.032406,0,0,0
1.0257,1.0542,1,0.22016,0.47228,0,-0.048975,0.031378,0,0,0
1.0301,1.0637,1,0.21918,0.47289,0,-0.049455,0.030352,0,0,0
1.0345,1.0731,1,0.21818,0.47349,0,-0.049934,0.029328,0,0,0
1.0388,1.0826,1,0.21718,0.47407,0,-0.050412,0.028305,0,0,0
1.0432,1.0921,1,0.21617,0.47462,0,-0.050889,0.027284,0,0,0
1.0475,1.1016,1,0.21514,0.47516,0,-0.051366,0.026264,0,0,0
1.0518,1.1111,1,0.21411,0.47567,0,-0.051841,0.025246,0,0,0
1.056,1.1206,1,0.21307,0.47617,0,-0.052315,0.02423,0,0,0
1.0603,1.1302,1,0.21202,0.47664,0,-0.052788,0.023216,0,0,0
1.0645,1.1397,1,0.21096,0.4771,0,-0.05326,0.022203,0,0,0
1.0687,1.1492,1,0.20989,0.47753,0,-0.05373,0.021192,0,0,0
1.0729,1.1588,1,0.20881,0.47794,0,-0.0542,0.020183,0,0,0
1.0771,1.1684,1,0.20772,0.47834,0,-0.054668,0.019176,0,0,0
1.0812,1.1779,1,0.20662,0.47871,0,-0.055136,0.018171,0,0,0
1.0853,1.1875,1,0.20552,0.47907,0,-0.055602,0.017167,0,0,0
1.0894,1.1971,1,0.2044,0.4794,0,-0.056067,0.016166,0,0,0
1.0935,1.2067,1,0.20327,0.47971,0,-0.05653,0.015166,0,0,0
1.0976,1.2163,1,0.20214,0.48001,0,-0.056993,0.014168,0,0,0
1.1016,1.2259,1,0.20099,0.48028,0,-0.057454,0.013173,0,0,0
1.1056,1.2355,1,0.19984,0.48053,0,-0.057914,0.012179,0,0,0
1.1096,1.2451,1,0.19868,0.48077,0,-0.058373,0.011187,0,0,0
1.1136,1.2547,1,0.19751,0.48098,0,-0.05883,0.010197,0,0,0
1.1175,1.2643,1,0.19632,0.48117,0,-0.059286,0.0092099,0,0,0
1.1214,1.274,1,0.19513,0.48135,0,-0.059741,0.0082245,0,0,0
1.1253,1.2836,1,0.19393,0.4815,0,-0.060195,0.0072412,0,0,0
1.1292,1.2932,1,0.19273,0.48164,0,-0.060647,0.00626,0,0,0
1.133,1.3029,1,0.19151,0.48175,0,-0.061097,0.005281,0,0,0
1.1368,1.3125,1,0.19028,0.48185,0,-0.061547,0.0043043,0,0,0
1.1406,1.3221,1,0.18905,0.48193,0,-0.061995,0.0033298,0,0,0
1.1444,1.3318,1,0.1878,0.48198,0,-0.062441,0.0023576,0,0,0
1.1481,1.3414,1,0.18655,0.48202,0,-0.062886,0.0013877,0,0,0
1.1518,1.3511,1,0.18529,0.48204,0,-0.06333,0.00042006,0,0,0
1.1555,1.3607,1,0.18402,0.48204,0,-0.063772,-0.00054519,0,0,0
1.1592,1.3703,1,0.18274,0.48202,0,-0.064212,-0.0015081,0,0,0
1.1629,1.38,1,0.18145,0.48198,0,-0.064652,-0.0024685,0,0,0
1.1665,1.3896,1,0.18015,0.48192,0,-0.065089,-0.0034265,0,0,0
1.1701,1.3993,1,0.17884,0.48184,0,-0.065525,-0.0043821,0,0,0
1.1736,1.4089,1,0.17753,0.48174,0,-0.06596,-0.0053351,0,0,0
1.1772,1.4185,1,0.17621,0.48163,0,-0.066392,-0.0062857,0,0,0
1.1807,1.4282,1,0.17487,0.48149,0,-0.066824,-0.0072337,0,0,0
1.1842,1.4378,1,0.17353,0.48134,0,-0.067253,-0.0081791,0,0,0
1.1876,1.4474,1,0.17218,0.48116,0,-0.067681,-0.0091219,0,0,0
1.191,1.457,1,0.17083,0.48097,0,-0.068108,-0.010062,0,0,0
1.1944,1.4666,1,0.16946,0.48076,0,-0.068532,-0.011,0,0,0
1.1978,1.4763,1,0.16808,0.48053,0,-0.068955,-0.011934,0,0,0
1.2012,1.4859,1,0.1667,0.48028,0,-0.069377,-0.012866,0,0,0
1.2045,1.4955,1,0.16531,0.48002,0,-0.069796,-0.013796,0,0,0
1.2078,1.5051,1,0.16391,0.47973,0,-0.070214,-0.014722,0,0,0
1.211,1.5147,1,0.1625,0.47943,0,-0.07063,-0.015646,0,0,0
1.2143,1.5242,1,0.16108,0.47911,0,-0.071044,-0.016567,0,0,0
1.2175,1.5338,1,0.15966,0.47877,0,-0.071457,-0.017485,0,0,0
1.2207,1.5434,1,0.15823,0.47841,0,-0.071867,-0.0184,0,0,0
1.2238,1.553,1,0.15678,0.47803,0,-0.072276,-0.019312,0,0,0
1.2269,1.5625,1,0.15533,0.47763,0,-0.072683,-0.020221,0,0,0
1.23,1.5721,1,0.15388,0.47722,0,-0.073088,-0.021128,0,0,0
1.2331,1.5816,1,0.15241,0.47679,0,-0.073491,-0.022031,0,0,0
1.2361,1.5911,1,0.15094,0.47634,0,-0.073893,-0.022931,0,0,0
1.2391,1.6007,1,0.14946,0.47587,0,-0.074292,-0.023828,0,0,0
1.2421,1.6102,1,0.14797,0.47539,0,-0.074689,-0.024722,0,0,0
1.245,1.6197,1,0.14647,0.47488,0,-0.075085,-0.025613,0,0,0
1.248,1.6292,1,0.14496,0.47436,0,-0.075478,-0.026501,0,0,0
1.2508,1.6386,1,0.14345,0.47382,0,-0.07587,-0.027385,0,0,0
1.2537,1.6481,1,0.14193,0.47327,0,-0.076259,-0.028267,0,0,0
1.2565,1.6576,1,0.1404,0.47269,0,-0.076646,-0.029145,0,0,0
1.2593,1.667,1,0.13886,0.4721,0,-0.077032,-0.030019,0,0,0
1.2621,1.6765,1,0.13732,0.47149,0,-0.077415,-0.030891,0,0,0
1.2648,1.6859,1,0.13576,0.47086,0,-0.077796,-0.031759,0,0,0
1.2675,1.6953,1,0.1342,0.47022,0,-0.078175,-0.032623,0,0,0
1.2702,1.7047,1,0.13264,0.46956,0,-0.078552,-0.033485,0,0,0
1.2728,1.7141,1,0.13106,0.46888,0,-0.078926,-0.034343,0,0,0
1.2754,1.7234,1,0.12948,0.46819,0,-0.079299,-0.035197,0,0,0
1.278,1.7328,1,0.12789,0.46747,0,-0.079669,-0.036048,0,0,0
1.2805,1.7421,1,0.12629,0.46674,0,-0.080037,-0.036895,0,0,0
1.283,1.7515,1,0.12469,0.466,0,-0.080403,-0.037739,0,0,0
1.2855,1.7608,1,0.12308,0.46523,0,-0.080767,-0.038579,0,0,0
1.288,1.7701,1,0.12146,0.46445,0,-0.081128,-0.039416,0,0,0
1.2904,1.7794,1,0.11983,0.46366,0,-0.081487,-0.040249,0,0,0
1.2928,1.7886,1,0.1182,0.46284,0,-0.081844,-0.041078,0,0,0
1.2951,1.7979,1,0.11656,0.46202,0,-0.082198,-0.041903,0,0,0
1.2974,1.8071,1,0.11491,0.46117,0,-0.08255,-0.042725,0,0,0
1.2997,1.8163,1,0.11326,0.46031,0,-0.0829,-0.043543,0,0,0
1.302,1.8255,1,0.1116,0.45943,0,-0.083247,-0.044357,0,0,0
1.3042,1.8347,1,0.10993,0.45853,0,-0.083592,-0.045168,0,0,0
1.3064,1.8439,1,0.10825,0.45762,0,-0.083934,-0.045974,0,0,0
1.3085,1.853,1,0.10657,0.45669,0,-0.084274,-0.046777,0,0,0
1.3106,1.8621,1,0.10488,0.45575,0,-0.084612,-0.047575,0,0,0
1.3127,1.8712,1,0.10319,0.45479,0,-0.084947,-0.04837,0,0,0
1.3147,1.8803,1,0.10148,0.45381,0,-0.085279,-0.049161,0,0,0
1.3168,1.8894,1,0.099774,0.45282,0,-0.085609,-0.049947,0,0,0
1.3187,1.8984,1,0.098059,0.45182,0,-0.085937,-0.05073,0,0,0
1.3207,1.9075,1,0.096337,0.45079,0,-0.086262,-0.051509,0,0,0
1.3226,1.9165,1,0.094608,0.44976,0,-0.086584,-0.052283,0,0,0
1.3245,1.9255,1,0.092873,0.4487,0,-0.086904,-0.053053,0,0,0
1.3263,1.9344,1,0.091132,0.44763,0,-0.087221,-0.053819,0,0,0
1.3281,1.9434,1,0.089385,0.44655,0,-0.087535,-0.054581,0,0,0
1.3299,1.9523,1,0.087631,0.44545,0,-0.087847,-0.055339,0,0,0
1.3316,1.9612,1,0.085871,0.44434,0,-0.088156,-0.056093,0,0,0
1.3333,1.9701,1,0.084105,0.44321,0,-0.088462,-0.056842,0,0,0
1.335,1.9789,1,0.082332,0.44206,0,-0.088766,-0.057587,0,0,0
1.3366,1.9877,1,0.080554,0.4409,0,-0.089067,-0.058327,0,0,0
1.3382,1.9965,1,0.07877,0.43973,0,-0.089365,-0.059063,0,0,0
1.3398,2.0053,1,0.076979,0.43854,0,-0.089661,-0.059795,0,0,0
1.3413,2.0141,1,0.075183,0.43734,0,-0.089954,-0.060522,0,0,0
1.3428,2.0228,1,0.073381,0.43612,0,-0.090243,-0.061245,0,0,0
1.3442,2.0315,1,0.071573,0.43489,0,-0.09053,-0.061963,0,0,0
1.3456,2.0402,1,0.06976,0.43364,0,-0.090815,-0.062677,0,0,0
1.347,2.0489,1,0.067941,0.43238,0,-0.091096,-0.063386,0,0,0
1.3483,2.0575,1,0.066116,0.43111,0,-0.091375,-0.064091,0,0,0
1.3496,2.0661,1,0.064286,0.42982,0,-0.09165,-0.064791,0,0,0
1.3509,2.0747,1,0.06245,0.42852,0,-0.091923,-0.065486,0,0,0
1.3521,2.0833,1,0.060609,0.4272,0,-0.092192,-0.066177,0,0,0
1.3533,2.0918,1,0.058763,0.42587,0,-0.092459,-0.066863,0,0,0
1.3545,2.1003,1,0.056911,0.42452,0,-0.092723,-0.067544,0,0,0
1.3556,2.1088,1,0.055054,0.42317,0,-0.092984,-0.06822,0,0,0
1.3567,2.1172,1,0.053191,0.4218,0,-0.093242,-0.068892,0,0,0
1.3577,2.1256,1,0.051324,0.42041,0,-0.093496,-0.069559,0,0,0
1.3587,2.134,1,0.049452,0.41901,0,-0.093748,-0.070221,0,0,0
1.3597,2.1424,1,0.047574,0.4176,0,-0.093997,-0.070878,0,0,0
1.3607,2.1507,1,0.045692,0.41618,0,-0.094242,-0.07153,0,0,0
1.3615,2.159,1,0.043804,0.41474,0,-0.094485,-0.072177,0,0,0
1.3624,2.1673,1,0.041912,0.41329,0,-0.094724,-0.07282,0,0,0
1.3632,2.1756,1,0.040015,0.41183,0,-0.09496,-0.073457,0,0,0
1.364,2.1838,1,0.038114,0.41035,0,-0.095193,-0.074089,0,0,0
1.3647,2.192,1,0.036208,0.40886,0,-0.095423,-0.074716,0,0,0
1.3655,2.2002,1,0.034297,0.40736,0,-0.09565,-0.075338,0,0,0
1.3661,2.2083,1,0.032382,0.40585,0,-0.095873,-0.075956,0,0,0
1.3667,2.2164,1,0.030462,0.40433,0,-0.096094,-0.076567,0,0,0
1.3673,2.2245,1,0.028538,0.40279,0,-0.096311,-0.077174,0,0,0
1.3679,2.2325,1,0.02661,0.40124,0,-0.096524,-0.077776,0,0,0
1.3684,2.2405,1,0.024677,0.39968,0,-0.096735,-0.078372,0,0,0
1.3689,2.2485,1,0.02274,0.3981,0,-0.096942,-0.078963,0,0,0
1.3693,2.2564,1,0.020799,0.39652,0,-0.097146,-0.079549,0,0,0
1.3697,2.2643,1,0.018855,0.39492,0,-0.097347,-0.08013,0,0,0
1.3701,2.2722,1,0.016906,0.39331,0,-0.097544,-0.080705,0,0,0
1.3704,2.2801,1,0.014953,0.39169,0,-0.097738,-0.081275,0,0,0
1.3707,2.2879,1,0.012996,0.39006,0,-0.097928,-0.081839,0,0,0
1.3709,2.2957,1,0.011036,0.38842,0,-0.098115,-0.082398,0,0,0
1.3711,2.3034,1,0.0090715,0.38677,0,-0.098299,-0.082952,0,0,0
1.3713,2.3112,1,0.0071038,0.3851,0,-0.098479,-0.0835,0,0,0
1.3714,2.3188,1,0.0051324,0.38343,0,-0.098656,-0.084043,0,0,0
1.3715,2.3265,1,0.0031575,0.38174,0,-0.098829,-0.08458,0,0,0
1.3715,2.3341,1,0.0011792,0.38004,0,-0.098999,-0.085112,0,0,0
1.3715,2.3417,1,-0.00080242,0.37834,0,-0.099166,-0.085638,0,0,0
1.3715,2.3492,1,-0.0027874,0.37662,0,-0.099329,-0.086158,0,0,0
1.3714,2.3568,1,-0.0047755,0.37489,0,-0.099488,-0.086673,0,0,0
1.3713,2.3642,1,-0.0067669,0.37315,0,-0.099644,-0.087183,0,0,0
1.3711,2.3717,1,-0.0087613,0.3714,0,-0.099796,-0.087686,0,0,0
1.3709,2.3791,1,-0.010759,0.36964,0,-0.099945,-0.088184,0,0,0
1.3707,2.3865,1,-0.012759,0.36788,0,-0.10009,-0.088676,0,0,0
1.3704,2.3938,1,-0.014762,0.3661,0,-0.10023,-0.089163,0,0,0
1.3701,2.4011,1,-0.016768,0.36431,0,-0.10037,-0.089644,0,0,0
1.3698,2.4084,1,-0.018777,0.36251,0,-0.1005,-0.090119,0,0,0
1.3694,2.4156,1,-0.020788,0.3607,0,-0.10063,-0.090588,0,0,0
1.3689,2.4228,1,-0.022802,0.35889,0,-0.10076,-0.091051,0,0,0
1.3685,2.43,1,-0.024819,0.35706,0,-0.10088,-0.091509,0,0,0
1.3679,2.4371,1,-0.026838,0.35523,0,-0.101,-0.09196,0,0,0
1.3674,2.4442,1,-0.028859,0.35338,0,-0.10112,-0.092406,0,0,0
1.3668,2.4512,1,-0.030883,0.35153,0,-0.10123,-0.092846,0,0,0
1.3661,2.4582,1,-0.032908,0.34967,0,-0.10134,-0.09328,0,0,0
1.3655,2.4652,1,-0.034936,0.3478,0,-0.10145,-0.093708,0,0,0
1.3647,2.4722,1,-0.036966,0.34592,0,-0.10155,-0.09413,0,0,0
1.364,2.4791,1,-0.038998,0.34403,0,-0.10164,-0.094546,0,0,0
1.3632,2.4859,1,-0.041032,0.34214,0,-0.10174,-0.094955,0,0,0
1.3623,2.4927,1,-0.043068,0.34024,0,-0.10183,-0.095359,0,0,0
1.3615,2.4995,1,-0.045105,0.33833,0,-0.10191,-0.095757,0,0,0
1.3605,2.5063,1,-0.047144,0.33641,0,-0.102,-0.096149,0,0,0
1.3596,2.513,1,-0.049185,0.33448,0,-0.10207,-0.096534,0,0,0
1.3586,2.5196,1,-0.051227,0.33255,0,-0.10215,-0.096914,0,0,0
1.3575,2.5263,1,-0.053271,0.3306,0,-0.10222,-0.097287,0,0,0
1.3564,2.5329,1,-0.055316,0.32865,0,-0.10228,-0.097654,0,0,0
1.3553,2.5394,1,-0.057362,0.3267,0,-0.10235,-0.098015,0,0,0
1.3542,2.5459,1,-0.059409,0.32473,0,-0.10241,-0.09837,0,0,0
1.3529,2.5524,1,-0.061458,0.32276,0,-0.10246,-0.098718,0,0,0
1.3517,2.5589,1,-0.063508,0.32078,0,-0.10251,-0.09906,0,0,0
1.3504,2.5652,1,-0.065559,0.3188,0,-0.10256,-0.099396,0,0,0
1.3491,2.5716,1,-0.06761,0.31681,0,-0.1026,-0.099726,0,0,0
1.3477,2.5779,1,-0.069663,0.31481,0,-0.10264,-0.10005,0,0,0
1.3463,2.5842,1,-0.071716,0.31281,0,-0.10268,-0.10037,0,0,0
1.3448,2.5904,1,-0.07377,0.3108,0,-0.10271,-0.10068,0,0,0
1.3433,2.5966,1,-0.075824,0.30878,0,-0.10273,-0.10098,0,0,0
1.3418,2.6028,1,-0.077879,0.30676,0,-0.10276,-0.10128,0,0,0
1.3402,2.6089,1,-0.079934,0.30473,0,-0.10278,-0.10157,0,0,0
1.3386,2.615,1,-0.08199,0.30269,0,-0.10279,-0.10186,0,0,0
1.3369,2.621,1,-0.084046,0.30065,0,-0.1028,-0.10213,0,0,0
1.3352,2.627,1,-0.086102,0.29861,0,-0.10281,-0.10241,0,0,0
1.3335,2.6329,1,-0.088158,0.29656,0,-0.10281,-0.10267,0,0,0
1.3317,2.6389,1,-0.090215,0.2945,0,-0.10281,-0.10293,0,0,0
1.3299,2.6447,1,-0.092271,0.29244,0,-0.10281,-0.10318,0,0,0
1.328,2.6506,1,-0.094327,0.29037,0,-0.1028,-0.10343,0,0,0
1.3261,2.6563,1,-0.096383,0.2883,0,-0.10278,-0.10367,0,0,0
1.3242,2.6621,1,-0.098438,0.28623,0,-0.10277,-0.1039,0,0,0
1.3222,2.6678,1,-0.10049,0.28415,0,-0.10274,-0.10413,0,0,0
1.3201,2.6735,1,-0.10255,0.28206,0,-0.10272,-0.10435,0,0,0
1.3181,2.6791,1,-0.1046,0.27997,0,-0.10269,-0.10456,0,0,0
1.316,2.6847,1,-0.10666,0.27788,0,-0.10266,-0.10477,0,0,0
1.3138,2.6902,1,-0.10871,0.27578,0,-0.10262,-0.10497,0,0,0
1.3116,2.6957,1,-0.11076,0.27368,0,-0.10258,-0.10517,0,0,0
1.3094,2.7011,1,-0.11281,0.27158,0,-0.10253,-0.10535,0,0,0
1.3071,2.7065,1,-0.11486,0.26947,0,-0.10248,-0.10553,0,0,0
1.3048,2.7119,1,-0.11691,0.26735,0,-0.10242,-0.10571,0,0,0
1.3024,2.7172,1,-0.11896,0.26524,0,-0.10236,-0.10587,0,0,0
1.3,2.7225,1,-0.121,0.26312,0,-0.1023,-0.10603,0,0,0
1.2976,2.7278,1,-0.12305,0.261,0,-0.10223,-0.10619,0,0,0
1.2951,2.733,1,-0.12509,0.25887,0,-0.10216,-0.10634,0,0,0
1.2926,2.7381,1,-0.12714,0.25674,0,-0.10209,-0.10648,0,0,0
1.29,2.7432,1,-0.12918,0.25461,0,-0.10201,-0.10661,0,0,0
1.2874,2.7483,1,-0.13122,0.25248,0,-0.10192,-0.10674,0,0,0
1.2848,2.7533,1,-0.13325,0.25034,0,-0.10183,-0.10686,0,0,0
1.2821,2.7583,1,-0.13529,0.24821,0,-0.10174,-0.10697,0,0,0
1.2794,2.7633,1,-0.13732,0.24607,0,-0.10164,-0.10708,0,0,0
1.2766,2.7682,1,-0.13936,0.24392,0,-0.10154,-0.10718,0,0,0
1.2738,2.773,1,-0.14139,0.24178,0,-0.10144,-0.10727,0,0,0
1.2709,2.7778,1,-0.14341,0.23963,0,-0.10133,-0.10736,0,0,0
1.268,2.7826,1,-0.14544,0.23748,0,-0.10121,-0.10743,0,0,0
1.2651,2.7873,1,-0.14746,0.23533,0,-0.1011,-0.10751,0,0,0
1.2621,2.792,1,-0.14948,0.23318,0,-0.10097,-0.10757,0,0,0
1.2591,2.7967,1,-0.1515,0.23103,0,-0.10085,-0.10763,0,0,0
1.2561,2.8013,1,-0.15352,0.22888,0,-0.10071,-0.10768,0,0,0
1.253,2.8058,1,-0.15553,0.22672,0,-0.10058,-0.10773,0,0,0
1.2499,2.8103,1,-0.15754,0.22457,0,-0.10044,-0.10777,0,0,0
1.2467,2.8148,1,-0.15955,0.22241,0,-0.1003,-0.1078,0,0,0
1.2435,2.8192,1,-0.16155,0.22026,0,-0.10015,-0.10783,0,0,0
1.2402,2.8236,1,-0.16355,0.2181,0,-0.099995,-0.10784,0,0,0
1.2369,2.8279,1,-0.16555,0.21594,0,-0.099838,-0.10785,0,0,0
1.2336,2.8322,1,-0.16755,0.21379,0,-0.099677,-0.10786,0,0,0
1.2302,2.8365,1,-0.16954,0.21163,0,-0.099511,-0.10786,0,0,0
1.2268,2.8407,1,-0.17153,0.20947,0,-0.099342,-0.10785,0,0,0
1.2234,2.8449,1,-0.17351,0.20732,0,-0.099168,-0.10783,0,0,0
1.2199,2.849,1,-0.17549,0.20516,0,-0.098989,-0.10781,0,0,0
1.2164,2.8531,1,-0.17747,0.203,0,-0.098807,-0.10778,0,0,0
1.2128,2.8571,1,-0.17945,0.20085,0,-0.09862,-0.10774,0,0,0
1.2092,2.8611,1,-0.18142,0.19869,0,-0.098428,-0.1077,0,0,0
1.2055,2.8651,1,-0.18338,0.19654,0,-0.098233,-0.10765,0,0,0
1.2018,2.869,1,-0.18535,0.19439,0,-0.098033,-0.10759,0,0,0
1.1981,2.8728,1,-0.1873,0.19224,0,-0.097829,-0.10753,0,0,0
1.1944,2.8767,1,-0.18926,0.19009,0,-0.09762,-0.10745,0,0,0
1.1905,2.8805,1,-0.19121,0.18794,0,-0.097407,-0.10738,0,0,0
1.1867,2.8842,1,-0.19315,0.18579,0,-0.09719,-0.10729,0,0,0
1.1828,2.8879,1,-0.1951,0.18365,0,-0.096969,-0.1072,0,0,0
1.1789,2.8915,1,-0.19703,0.1815,0,-0.096743,-0.1071,0,0,0
1.1749,2.8951,1,-0.19897,0.17936,0,-0.096513,-0.107,0,0,0
1.1709,2.8987,1,-0.20089,0.17722,0,-0.096278,-0.10688,0,0,0
1.1669,2.9022,1,-0.20282,0.17509,0,-0.09604,-0.10676,0,0,0
1.1628,2.9057,1,-0.20474,0.17295,0,-0.095797,-0.10664,0,0,0
1.1587,2.9092,1,-0.20665,0.17082,0,-0.09555,-0.10651,0,0,0
1.1546,2.9125,1,-0.20856,0.16869,0,-0.095298,-0.10637,0,0,0
1.1504,2.9159,1,-0.21046,0.16657,0,-0.095042,-0.10622,0,0,0
1.1461,2.9192,1,-0.21236,0.16444,0,-0.094782,-0.10607,0,0,0
1.1419,2.9225,1,-0.21425,0.16233,0,-0.094518,-0.10591,0,0,0
1.1376,2.9257,1,-0.21614,0.16021,0,-0.094249,-0.10574,0,0,0
1.1332,2.9289,1,-0.21802,0.1581,0,-0.093976,-0.10557,0,0,0
1.1289,2.932,1,-0.2199,0.15599,0,-0.093699,-0.10539,0,0,0
1.1244,2.9351,1,-0.22177,0.15388,0,-0.093418,-0.1052,0,0,0
1.12,2.9382,1,-0.22364,0.15178,0,-0.093132,-0.105,0,0,0
1.1155,2.9412,1,-0.2255,0.14968,0,-0.092842,-0.1048,0,0,0
1.111,2.9442,1,-0.22735,0.14759,0,-0.092548,-0.1046,0,0,0
1.1064,2.9471,1,-0.2292,0.1455,0,-0.092249,-0.10438,0,0,0
1.1018,2.95,1,-0.23104,0.14341,0,-0.091947,-0.10416,0,0,0
1.0972,2.9528,1,-0.23287,0.14133,0,-0.09164,-0.10393,0,0,0
1.0925,2.9556,1,-0.2347,0.13925,0,-0.091329,-0.1037,0,0,0
1.0878,2.9584,1,-0.23653,0.13718,0,-0.091013,-0.10346,0,0,0
1.083,2.9611,1,-0.23835,0.13512,0,-0.090694,-0.10321,0,0,0
1.0782,2.9638,1,-0.24016,0.13305,0,-0.09037,-0.10296,0,0,0
1.0734,2.9665,1,-0.24196,0.131,0,-0.090042,-0.10269,0,0,0
1.0686,2.969,1,-0.24376,0.12895,0,-0.08971,-0.10243,0,0,0
1.0637,2.9716,1,-0.24555,0.1269,0,-0.089374,-0.10215,0,0,0
1.0587,2.9741,1,-0.24733,0.12486,0,-0.089033,-0.10187,0,0,0
1.0538,2.9766,1,-0.24911,0.12283,0,-0.088689,-0.10158,0,0,0
1.0488,2.979,1,-0.25088,0.1208,0,-0.08834,-0.10129,0,0,0
1.0437,2.9814,1,-0.25264,0.11877,0,-0.087987,-0.10099,0,0,0
1.0387,2.9838,1,-0.2544,0.11676,0,-0.08763,-0.10068,0,0,0
1.0336,2.9861,1,-0.25615,0.11475,0,-0.087269,-0.10037,0,0,0
1.0284,2.9884,1,-0.25789,0.11274,0,-0.086904,-0.10005,0,0,0
1.0232,2.9906,1,-0.25962,0.11074,0,-0.086535,-0.099718,0,0,0
1.018,2.9928,1,-0.26135,0.10875,0,-0.086162,-0.099385,0,0,0
1.0128,2.995,1,-0.26307,0.10677,0,-0.085784,-0.099045,0,0,0
1.0075,2.9971,1,-0.26478,0.10479,0,-0.085403,-0.098698,0,0,0
1.0022,2.9992,1,-0.26649,0.10282,0,-0.085017,-0.098345,0,0,0
0.99685,3.0012,1,-0.26818,0.10086,0,-0.084628,-0.097986,0,0,0
0.99147,3.0032,1,-0.26987,0.098902,0,-0.084234,-0.09762,0,0,0
0.98606,3.0051,1,-0.27155,0.096953,0,-0.083837,-0.097248,0,0,0
0.98061,3.0071,1,-0.27323,0.095012,0,-0.083435,-0.09687,0,0,0
0.97513,3.0089,1,-0.27489,0.093079,0,-0.08303,-0.096485,0,0,0
0.96961,3.0108,1,-0.27655,0.091153,0,-0.08262,-0.096094,0,0,0
0.96407,3.0126,1,-0.2782,0.089235,0,-0.082207,-0.095697,0,0,0
0.95849,3.0144,1,-0.27984,0.087325,0,-0.08179,-0.095293,0,0,0
0.95287,3.0161,1,-0.28147,0.085423,0,-0.081369,-0.094883,0,0,0
0.94723,3.0178,1,-0.28309,0.08353,0,-0.080943,-0.094467,0,0,0
0.94155,3.0194,1,-0.2847,0.081645,0,-0.080514,-0.094045,0,0,0
0.93584,3.021,1,-0.28631,0.079768,0,-0.080082,-0.093616,0,0,0
0.9301,3.0226,1,-0.28791,0.0779,0,-0.079645,-0.093182,0,0,0
0.92432,3.0242,1,-0.2895,0.076041,0,-0.079204,-0.092741,0,0,0
0.91852,3.0257,1,-0.29108,0.07419,0,-0.07876,-0.092295,0,0,0
0.91268,3.0271,1,-0.29265,0.072349,0,-0.078312,-0.091842,0,0,0
0.90681,3.0286,1,-0.29421,0.070517,0,-0.07786,-0.091383,0,0,0
0.90091,3.0299,1,-0.29576,0.068694,0,-0.077404,-0.090918,0,0,0
0.89498,3.0313,1,-0.2973,0.06688,0,-0.076945,-0.090448,0,0,0
0.88902,3.0326,1,-0.29884,0.065076,0,-0.076482,-0.089971,0,0,0
0.88303,3.0339,1,-0.30036,0.063281,0,-0.076015,-0.089489,0,0,0
0.877,3.0352,1,-0.30188,0.061496,0,-0.075544,-0.089,0,0,0
0.87095,3.0364,1,-0.30339,0.059721,0,-0.07507,-0.088506,0,0,0
0.86487,3.0375,1,-0.30488,0.057956,0,-0.074592,-0.088006,0,0,0
0.85876,3.0387,1,-0.30637,0.056201,0,-0.074111,-0.0875,0,0,0
0.85261,3.0398,1,-0.30785,0.054456,0,-0.073626,-0.086988,0,0,0
0.84644,3.0409,1,-0.30931,0.052722,0,-0.073137,-0.086471,0,0,0
0.84024,3.0419,1,-0.31077,0.050997,0,-0.072645,-0.085948,0,0,0
0.83401,3.0429,1,-0.31222,0.049284,0,-0.072149,-0.08542,0,0,0
0.82775,3.0439,1,-0.31366,0.047581,0,-0.07165,-0.084885,0,0,0
0.82147,3.0448,1,-0.31509,0.045888,0,-0.071147,-0.084345,0,0,0
0.81515,3.0457,1,-0.3165,0.044207,0,-0.070641,-0.0838,0,0,0
0.80881,3.0466,1,-0.31791,0.042536,0,-0.070131,-0.083249,0,0,0
0.80243,3.0474,1,-0.31931,0.040877,0,-0.069618,-0.082693,0,0,0
0.79603,3.0482,1,-0.3207,0.039229,0,-0.069101,-0.082131,0,0,0
0.78961,3.049,1,-0.32207,0.037592,0,-0.068581,-0.081564,0,0,0
0.78315,3.0497,1,-0.32344,0.035966,0,-0.068058,-0.080992,0,0,0
0.77667,3.0504,1,-0.3248,0.034352,0,-0.067531,-0.080414,0,0,0
0.77016,3.0511,1,-0.32614,0.03275,0,-0.067001,-0.079831,0,0,0
0.76362,3.0517,1,-0.32748,0.031159,0,-0.066468,-0.079242,0,0,0
0.75706,3.0523,1,-0.3288,0.02958,0,-0.065931,-0.078649,0,0,0
0.75047,3.0529,1,-0.33011,0.028013,0,-0.065392,-0.07805,0,0,0
0.74386,3.0535,1,-0.33141,0.026458,0,-0.064849,-0.077446,0,0,0
0.73721,3.054,1,-0.33271,0.024915,0,-0.064302,-0.076837,0,0,0
0.73055,3.0545,1,-0.33399,0.023385,0,-0.063753,-0.076223,0,0,0
0.72386,3.0549,1,-0.33526,0.021866,0,-0.0632,-0.075604,0,0,0
0.71714,3.0553,1,-0.33651,0.02036,0,-0.062645,-0.07498,0,0,0
0.71039,3.0557,1,-0.33776,0.018867,0,-0.062086,-0.074351,0,0,0
0.70363,3.0561,1,-0.339,0.017386,0,-0.061524,-0.073717,0,0,0
0.69683,3.0564,1,-0.34022,0.015918,0,-0.060959,-0.073079,0,0,0
0.69002,3.0567,1,-0.34144,0.014463,0,-0.060391,-0.072435,0,0,0
0.68318,3.057,1,-0.34264,0.013021,0,-0.05982,-0.071787,0,0,0
0.67631,3.0572,1,-0.34383,0.011592,0,-0.059247,-0.071134,0,0,0
0.66942,3.0575,1,-0.34501,0.010176,0,-0.05867,-0.070476,0,0,0
0.66251,3.0576,1,-0.34618,0.0087728,0,-0.05809,-0.069814,0,0,0
0.65558,3.0578,1,-0.34733,0.0073832,0,-0.057507,-0.069147,0,0,0
0.64862,3.0579,1,-0.34848,0.006007,0,-0.056922,-0.068475,0,0,0
0.64164,3.058,1,-0.34961,0.0046442,0,-0.056334,-0.0678,0,0,0
0.63464,3.0581,1,-0.35073,0.003295,0,-0.055743,-0.067119,0,0,0
0.62761,3.0582,1,-0.35184,0.0019595,0,-0.055149,-0.066434,0,0,0
0.62056,3.0582,1,-0.35294,0.00063771,0,-0.054552,-0.065745,0,0,0
0.61349,3.0582,1,-0.35402,-0.00067027,0,-0.053953,-0.065052,0,0,0
0.6064,3.0582,1,-0.35509,-0.0019643,0,-0.053351,-0.064354,0,0,0
0.59929,3.0581,1,-0.35615,-0.0032444,0,-0.052746,-0.063652,0,0,0
0.59215,3.0581,1,-0.3572,-0.0045104,0,-0.052139,-0.062945,0,0,0
0.585,3.0579,1,-0.35824,-0.0057622,0,-0.051529,-0.062235,0,0,0
0.57783,3.0578,1,-0.35926,-0.0069997,0,-0.050917,-0.061521,0,0,0
0.57063,3.0577,1,-0.36028,-0.008223,0,-0.050302,-0.060802,0,0,0
0.56341,3.0575,1,-0.36128,-0.0094318,0,-0.049684,-0.06008,0,0,0
0.55618,3.0573,1,-0.36226,-0.010626,0,-0.049064,-0.059353,0,0,0
0.54892,3.0571,1,-0.36324,-0.011806,0,-0.048442,-0.058623,0,0,0
0.54165,3.0568,1,-0.3642,-0.012971,0,-0.047817,-0.057888,0,0,0
0.53436,3.0565,1,-0.36515,-0.014121,0,-0.047189,-0.05715,0,0,0
0.52704,3.0563,1,-0.36609,-0.015257,0,-0.04656,-0.056409,0,0,0
0.51971,3.0559,1,-0.36701,-0.016378,0,-0.045928,-0.055663,0,0,0
0.51236,3.0556,1,-0.36793,-0.017484,0,-0.045294,-0.054914,0,0,0
0.505,3.0552,1,-0.36883,-0.018574,0,-0.044657,-0.054161,0,0,0
0.49761,3.0549,1,-0.36971,-0.01965,0,-0.044018,-0.053405,0,0,0
0.49021,3.0545,1,-0.37059,-0.02071,0,-0.043377,-0.052645,0,0,0
0.48279,3.054,1,-0.37145,-0.021756,0,-0.042734,-0.051882,0,0,0
0.47535,3.0536,1,-0.3723,-0.022786,0,-0.042089,-0.051115,0,0,0
0.46789,3.0531,1,-0.37313,-0.0238,0,-0.041442,-0.050345,0,0,0
0.46042,3.0526,1,-0.37395,-0.024799,0,-0.040792,-0.049571,0,0,0
0.45294,3.0521,1,-0.37476,-0.025783,0,-0.040141,-0.048795,0,0,0
0.44543,3.0516,1,-0.37556,-0.026751,0,-0.039487,-0.048015,0,0,0
0.43791,3.0511,1,-0.37634,-0.027704,0,-0.038831,-0.047232,0,0,0
0.43038,3.0505,1,-0.37711,-0.02864,0,-0.038174,-0.046445,0,0,0
0.42283,3.0499,1,-0.37787,-0.029561,0,-0.037515,-0.045656,0,0,0
0.41527,3.0493,1,-0.37861,-0.030467,0,-0.036853,-0.044864,0,0,0
0.40769,3.0487,1,-0.37934,-0.031356,0,-0.03619,-0.044069,0,0,0
0.40009,3.0481,1,-0.38006,-0.032229,0,-0.035525,-0.043271,0,0,0
0.39248,3.0474,1,-0.38076,-0.033087,0,-0.034859,-0.04247,0,0,0
0.38486,3.0467,1,-0.38146,-0.033928,0,-0.03419,-0.041666,0,0,0
0.37723,3.046,1,-0.38213,-0.034753,0,-0.03352,-0.04086,0,0,0
0.36958,3.0453,1,-0.3828,-0.035563,0,-0.032848,-0.04005,0,0,0
0.36191,3.0446,1,-0.38345,-0.036355,0,-0.032174,-0.039239,0,0,0
0.35424,3.0439,1,-0.38408,-0.037132,0,-0.031499,-0.038424,0,0,0
0.34655,3.0431,1,-0.38471,-0.037892,0,-0.030822,-0.037607,0,0,0
0.33885,3.0424,1,-0.38532,-0.038636,0,-0.030144,-0.036788,0,0,0
0.33114,3.0416,1,-0.38591,-0.039364,0,-0.029464,-0.035966,0,0,0
0.32341,3.0408,1,-0.38649,-0.040075,0,-0.028783,-0.035142,0,0,0
0.31568,3.04,1,-0.38706,-0.04077,0,-0.0281,-0.034316,0,0,0
0.30793,3.0392,1,-0.38762,-0.041448,0,-0.027416,-0.033487,0,0,0
0.30017,3.0383,1,-0.38816,-0.042109,0,-0.02673,-0.032656,0,0,0
0.2924,3.0375,1,-0.38869,-0.042754,0,-0.026044,-0.031823,0,0,0
0.28463,3.0366,1,-0.3892,-0.043382,0,-0.025355,-0.030988,0,0,0
0.27684,3.0357,1,-0.3897,-0.043993,0,-0.024666,-0.030151,0,0,0
0.26904,3.0349,1,-0.39019,-0.044588,0,-0.023975,-0.029311,0,0,0
0.26123,3.034,1,-0.39066,-0.045166,0,-0.023283,-0.02847,0,0,0
0.25341,3.0331,1,-0.39112,-0.045727,0,-0.02259,-0.027627,0,0,0
0.24558,3.0321,1,-0.39156,-0.046271,0,-0.021896,-0.026783,0,0,0
0.23775,3.0312,1,-0.392,-0.046798,0,-0.0212,-0.025936,0,0,0
0.2299,3.0303,1,-0.39241,-0.047308,0,-0.020504,-0.025088,0,0,0
0.22205,3.0293,1,-0.39282,-0.047802,0,-0.019806,-0.024238,0,0,0
0.21419,3.0284,1,-0.3932,-0.048278,0,-0.019108,-0.023386,0,0,0
0.20632,3.0274,1,-0.39358,-0.048737,0,-0.018408,-0.022533,0,0,0
0.19845,3.0264,1,-0.39394,-0.049179,0,-0.017708,-0.021679,0,0,0
0.19057,3.0254,1,-0.39429,-0.049604,0,-0.017007,-0.020823,0,0,0
0.18268,3.0244,1,-0.39462,-0.050012,0,-0.016305,-0.019966,0,0,0
0.17478,3.0234,1,-0.39494,-0.050403,0,-0.015602,-0.019107,0,0,0
0.16688,3.0224,1,-0.39525,-0.050776,0,-0.014898,-0.018247,0,0,0
0.15897,3.0214,1,-0.39554,-0.051133,0,-0.014193,-0.017386,0,0,0
0.15106,3.0204,1,-0.39581,-0.051472,0,-0.013488,-0.016524,0,0,0
0.14314,3.0193,1,-0.39608,-0.051794,0,-0.012782,-0.01566,0,0,0
0.13522,3.0183,1,-0.39632,-0.052098,0,-0.012076,-0.014796,0,0,0
0.12729,3.0172,1,-0.39656,-0.052385,0,-0.011368,-0.013931,0,0,0
0.11935,3.0162,1,-0.39678,-0.052655,0,-0.010661,-0.013065,0,0,0
0.11142,3.0151,1,-0.39699,-0.052908,0,-0.0099524,-0.012197,0,0,0
0.10347,3.0141,1,-0.39718,-0.053143,0,-0.0092436,-0.01133,0,0,0
0.095529,3.013,1,-0.39735,-0.053361,0,-0.0085344,-0.010461,0,0,0
0.08758,3.0119,1,-0.39752,-0.053562,0,-0.0078247,-0.0095916,0,0,0
0.079628,3.0109,1,-0.39767,-0.053745,0,-0.0071146,-0.0087216,0,0,0
0.071674,3.0098,1,-0.3978,-0.053911,0,-0.0064042,-0.0078511,0,0,0
0.063716,3.0087,1,-0.39792,-0.054059,0,-0.0056934,-0.0069801,0,0,0
0.055757,3.0076,1,-0.39803,-0.05419,0,-0.0049824,-0.0061086,0,0,0
0.047795,3.0065,1,-0.39812,-0.054303,0,-0.0042711,-0.0052367,0,0,0
0.039832,3.0055,1,-0.3982,-0.054399,0,-0.0035596,-0.0043644,0,0,0
0.031867,3.0044,1,-0.39827,-0.054478,0,-0.0028479,-0.0034919,0,0,0
0.023901,3.0033,1,-0.39832,-0.054539,0,-0.002136,-0.0026191,0,0,0
0.015935,3.0022,1,-0.39835,-0.054583,0,-0.0014241,-0.0017462,0,0,0
0.0079675,3.0011,1,-0.39837,-0.054609,0,-0.00071206,-0.00087311,0,0,0
3.3981e-10,3,1,-0.39838,-0.054617,0,4.0511e-10,-3.4778e-09,0,0,0
-0.0079675,2.9989,1,-0.39837,-0.054609,0,0.00071206,0.00087311,0,0,0
-0.015935,2.9978,1,-0.39835,-0.054583,0,0.0014241,0.0017462,0,0,0
-0.023901,2.9967,1,-0.39832,-0.054539,0,0.002136,0.0026191,0,0,0
-0.031867,2.9956,1,-0.39827,-0.054478,0,0.0028479,0.0034919,0,0,0
-0.039832,2.9945,1,-0.3982,-0.054399,0,0.0035596,0.0043644,0,0,0
-0.047795,2.9935,1,-0.39812,-0.054303,0,0.0042711,0.0052366,0,0,0
-0.055757,2.9924,1,-0.39803,-0.05419,0,0.0049824,0.0061086,0,0,0
-0.063716,2.9913,1,-0.39792,-0.054059,0,0.0056934,0.0069801,0,0,0
-0.071674,2.9902,1,-0.3978,-0.053911,0,0.0064042,0.0078511,0,0,0
-0.079628,2.9891,1,-0.39767,-0.053745,0,0.0071146,0.0087216,0,0,0
-0.08758,2.9881,1,-0.39752,-0.053562,0,0.0078247,0.0095916,0,0,0
-0.095529,2.987,1,-0.39735,-0.053361,0,0.0085344,0.010461,0,0,0
-0.10347,2.9859,1,-0.39718,-0.053143,0,0.0092436,0.01133,0,0,0
-0.11142,2.9849,1,-0.39699,-0.052908,0,0.0099524,0.012197,0,0,0
-0.11935,2.9838,1,-0.39678,-0.052655,0,0.010661,0.013065,0,0,0
-0.12729,2.9828,1,-0.39656,-0.052385,0,0.011368,0.013931,0,0,0
-0.13522,2.9817,1,-0.39632,-0.052098,0,0.012076,0.014796,0,0,0
-0.14314,2.9807,1,-0.39608,-0.051794,0,0.012782,0.01566,0,0,0
-0.15106,2.9796,1,-0.39581,-0.051472,0,0.013488,0.016524,0,0,0
-0.15897,2.9786,1,-0.39554,-0.051133,0,0.014193,0.017386,0,0,0
-0.16688,2.9776,1,-0.39525,-0.050776,0,0.014898,0.018247,0,0,0
-0.17478,2.9766,1,-0.39494,-0.050403,0,0.015602,0.019107,0,0,0
-0.18268,2.9756,1,-0.39462,-0.050012,0,0.016305,0.019966,0,0,0
-0.19057,2.9746,1,-0.39429,-0.049604,0,0.017007,0.020823,0,0,0
-0.19845,2.9736,1,-0.39394,-0.049179,0,0.017708,0.021679,0,0,0
-0.20632,2.9726,1,-0.39358,-0.048737,0,0.018408,0.022533,0,0,0
-0.21419,2.9716,1,-0.3932,-0.048278,0,0.019108,0.023386,0,0,0
-0.22205,2.9707,1,-0.39282,-0.047802,0,0.019806,0.024238,0,0,0
-0.2299,2.9697,1,-0.39241,-0.047308,0,0.020504,0.025088,0,0,0
-0.23775,2.9688,1,-0.392,-0.046798,0,0.0212,0.025936,0,0,0
-0.24558,2.9679,1,-0.39156,-0.046271,0,0.021896,0.026783,0,0,0
-0.25341,2.9669,1,-0.39112,-0.045727,0,0.02259,0.027627,0,0,0
-0.26123,2.966,1,-0.39066,-0.045166,0,0.023283,0.02847,0,0,0
-0.26904,2.9651,1,-0.39019,-0.044588,0,0.023975,0.029311,0,0,0
-0.27684,2.9643,1,-0.3897,-0.043993,0,0.024666,0.030151,0,0,0
-0.28463,2.9634,1,-0.3892,-0.043382,0,0.025355,0.030988,0,0,0
-0.2924,2.9625,1,-0.38869,-0.042754,0,0.026044,0.031823,0,0,0
-0.30017,2.9617,1,-0.38816,-0.042109,0,0.02673,0.032656,0,0,0
-0.30793,2.9608,1,-0.38762,-0.041448,0,0.027416,0.033487,0,0,0
-0.31568,2.96,1,-0.38706,-0.04077,0,0.0281,0.034316,0,0,0
-0.32341,2.9592,1,-0.38649,-0.040075,0,0.028783,0.035142,0,0,0
-0.33114,2.9584,1,-0.38591,-0.039364,0,0.029464,0.035966,0,0,0
-0.33885,2.9576,1,-0.38532,-0.038636,0,0.030144,0.036788,0,0,0
-0.34655,2.9569,1,-0.38471,-0.037892,0,0.030822,0.037607,0,0,0
-0.35424,2.9561,1,-0.38408,-0.037132,0,0.031499,0.038424,0,0,0
-0.36191,2.9554,1,-0.38345,-0.036355,0,0.032174,0.039239,0,0,0
-0.36958,2.9547,1,-0.3828,-0.035563,0,0.032848,0.04005,0,0,0
-0.37723,2.954,1,-0.38213,-0.034753,0,0.03352,0.04086,0,0,0
-0.38486,2.9533,1,-0.38146,-0.033928,0,0.03419,0.041666,0,0,0
-0.39248,2.9526,1,-0.38076,-0.033087,0,0.034859,0.04247,0,0,0
-0.40009,2.9519,1,-0.38006,-0.032229,0,0.035525,0.043271,0,0,0
-0.40769,2.9513,1,-0.37934,-0.031356,0,0.03619,0.044069,0,0,0
-0.41527,2.9507,1,-0.37861,-0.030467,0,0.036853,0.044864,0,0,0
-0.42283,2.9501,1,-0.37787,-0.029561,0,0.037515,0.045656,0,0,0
-0.43038,2.9495,1,-0.37711,-0.02864,0,0.038174,0.046445,0,0,0
-0.43791,2.9489,1,-0.37634,-0.027704,0,0.038831,0.047232,0,0,0
-0.44543,2.9484,1,-0.37556,-0.026751,0,0.039487,0.048015,0,0,0
-0.45294,2.9479,1,-0.37476,-0.025783,0,0.040141,0.048795,0,0,0
-0.46042,2.9474,1,-0.37395,-0.024799,0,0.040792,0.049571,0,0,0
-0.46789,2.9469,1,-0.37313,-0.0238,0,0.041442,0.050345,0,0,0
-0.47535,2.9464,1,-0.3723,-0.022786,0,0.042089,0.051115,0,0,0
-0.48279,2.946,1,-0.37145,-0.021756,0,0.042734,0.051882,0,0,0
-0.49021,2.9455,1,-0.37059,-0.02071,0,0.043377,0.052645,0,0,0
-0.49761,2.9451,1,-0.36971,-0.01965,0,0.044018,0.053405,0,0,0
-0.505,2.9448,1,-0.36883,-0.018574,0,0.044657,0.054161,0,0,0
-0.51236,2.9444,1,-0.36793,-0.017484,0,0.045294,0.054914,0,0,0
-0.51971,2.9441,1,-0.36701,-0.016378,0,0.045928,0.055663,0,0,0
-0.52704,2.9437,1,-0.36609,-0.015257,0,0.04656,0.056409,0,0,0
-0.53436,2.9435,1,-0.36515,-0.014121,0,0.047189,0.05715,0,0,0
-0.54165,2.9432,1,-0.3642,-0.012971,0,0.047817,0.057888,0,0,0
-0.54892,2.9429,1,-0.36324,-0.011806,0,0.048442,0.058623,0,0,0
-0.55618,2.9427,1,-0.36226,-0.010626,0,0.049064,0.059353,0,0,0
-0.56341,2.9425,1,-0.36128,-0.0094318,0,0.049684,0.06008,0,0,0
-0.57063,2.9423,1,-0.36028,-0.008223,0,0.050302,0.060802,0,0,0
-0.57783,2.9422,1,-0.35926,-0.0069998,0,0.050917,0.061521,0,0,0
-0.585,2.9421,1,-0.35824,-0.0057622,0,0.051529,0.062235,0,0,0
-0.59215,2.9419,1,-0.3572,-0.0045104,0,0.052139,0.062945,0,0,0
-0.59929,2.9419,1,-0.35615,-0.0032444,0,0.052746,0.063652,0,0,0
-0.6064,2.9418,1,-0.35509,-0.0019643,0,0.053351,0.064354,0,0,0
-0.61349,2.9418,1,-0.35402,-0.00067028,0,0.053953,0.065052,0,0,0
-0.62056,2.9418,1,-0.35294,0.0006377,0,0.054552,0.065745,0,0,0
-0.62761,2.9418,1,-0.35184,0.0019595,0,0.055149,0.066434,0,0,0
-0.63464,2.9419,1,-0.35073,0.003295,0,0.055743,0.067119,0,0,0
-0.64164,2.942,1,-0.34961,0.0046442,0,0.056334,0.0678,0,0,0
-0.64862,2.9421,1,-0.34848,0.006007,0,0.056922,0.068475,0,0,0
-0.65558,2.9422,1,-0.34733,0.0073832,0,0.057507,0.069147,0,0,0
-0.66251,2.9424,1,-0.34618,0.0087728,0,0.05809,0.069814,0,0,0
-0.66942,2.9425,1,-0.34501,0.010176,0,0.05867,0.070476,0,0,0
-0.67631,2.9428,1,-0.34383,0.011592,0,0.059247,0.071134,0,0,0
-0.68318,2.943,1,-0.34264,0.013021,0,0.05982,0.071787,0,0,0
-0.69002,2.9433,1,-0.34144,0.014463,0,0.060391,0.072435,0,0,0
-0.69683,2.9436,1,-0.34022,0.015918,0,0.060959,0.073079,0,0,0
-0.70363,2.9439,1,-0.339,0.017386,0,0.061524,0.073717,0,0,0
-0.71039,2.9443,1,-0.33776,0.018867,0,0.062086,0.074351,0,0,0
-0.71714,2.9447,1,-0.33651,0.02036,0,0.062645,0.07498,0,0,0
-0.72386,2.9451,1,-0.33526,0.021866,0,0.0632,0.075604,0,0,0
-0.73055,2.9455,1,-0.33399,0.023385,0,0.063753,0.076223,0,0,0
-0.73721,2.946,1,-0.33271,0.024915,0,0.064302,0.076837,0,0,0
-0.74386,2.9465,1,-0.33141,0.026458,0,0.064849,0.077446,0,0,0
-0.75047,2.9471,1,-0.33011,0.028013,0,0.065392,0.07805,0,0,0
-0.75706,2.9477,1,-0.3288,0.02958,0,0.065931,0.078649,0,0,0
-0.76362,2.9483,1,-0.32748,0.031159,0,0.066468,0.079242,0,0,0
-0.77016,2.9489,1,-0.32614,0.03275,0,0.067001,0.079831,0,0,0
-0.77667,2.9496,1,-0.3248,0.034352,0,0.067531,0.080414,0,0,0
-0.78315,2.9503,1,-0.32344,0.035966,0,0.068058,0.080992,0,0,0
-0.78961,2.951,1,-0.32207,0.037592,0,0.068581,0.081564,0,0,0
-0.79603,2.9518,1,-0.3207,0.039229,0,0.069101,0.082131,0,0,0
-0.80243,2.9526,1,-0.31931,0.040877,0,0.069618,0.082693,0,0,0
-0.80881,2.9534,1,-0.31791,0.042536,0,0.070131,0.083249,0,0,0
-0.81515,2.9543,1,-0.3165,0.044207,0,0.070641,0.0838,0,0,0
-0.82147,2.9552,1,-0.31509,0.045888,0,0.071147,0.084345,0,0,0
-0.82775,2.9561,1,-0.31366,0.047581,0,0.07165,0.084885,0,0,0
-0.83401,2.9571,1,-0.31222,0.049284,0,0.072149,0.08542,0,0,0
-0.84024,2.9581,1,-0.31077,0.050997,0,0.072645,0.085948,0,0,0
-0.84644,2.9591,1,-0.30931,0.052722,0,0.073137,0.086471,0,0,0
-0.85261,2.9602,1,-0.30785,0.054456,0,0.073626,0.086988,0,0,0
-0.85876,2.9613,1,-0.30637,0.056201,0,0.074111,0.0875,0,0,0
-0.86487,2.9625,1,-0.30488,0.057956,0,0.074592,0.088006,0,0,0
-0.87095,2.9636,1,-0.30339,0.059721,0,0.07507,0.088506,0,0,0
-0.877,2.9648,1,-0.30188,0.061496,0,0.075544,0.089,0,0,0
-0.88303,2.9661,1,-0.30036,0.063281,0,0.076015,0.089489,0,0,0
-0.88902,2.9674,1,-0.29884,0.065076,0,0.076482,0.089971,0,0,0
-0.89498,2.9687,1,-0.2973,0.06688,0,0.076945,0.090448,0,0,0
-0.90091,2.9701,1,-0.29576,0.068694,0,0.077404,0.090918,0,0,0
-0.90681,2.9714,1,-0.29421,0.070517,0,0.07786,0.091383,0,0,0
-0.91268,2.9729,1,-0.29265,0.072349,0,0.078312,0.091842,0,0,0
-0.91852,2.9743,1,-0.29108,0.07419,0,0.07876,0.092295,0,0,0
-0.92432,2.9758,1,-0.2895,0.076041,0,0.079204,0.092741,0,0,0
-0.9301,2.9774,1,-0.28791,0.0779,0,0.079645,0.093182,0,0,0
-0.93584,2.979,1,-0.28631,0.079768,0,0.080082,0.093616,0,0,0
-0.94155,2.9806,1,-0.2847,0.081645,0,0.080514,0.094045,0,0,0
-0.94723,2.9822,1,-0.28309,0.08353,0,0.080943,0.094467,0,0,0
-0.95287,2.9839,1,-0.28147,0.085423,0,0.081369,0.094883,0,0,0
-0.95849,2.9856,1,-0.27984,0.087325,0,0.08179,0.095293,0,0,0
-0.96407,2.9874,1,-0.2782,0.089235,0,0.082207,0.095697,0,0,0
-0.96961,2.9892,1,-0.27655,0.091153,0,0.08262,0.096094,0,0,0
-0.97513,2.9911,1,-0.27489,0.093079,0,0.08303,0.096485,0,0,0
-0.98061,2.9929,1,-0.27323,0.095012,0,0.083435,0.09687,0,0,0
-0.98606,2.9949,1,-0.27155,0.096953,0,0.083837,0.097248,0,0,0
-0.99147,2.9968,1,-0.26987,0.098902,0,0.084234,0.09762,0,0,0
-0.99685,2.9988,1,-0.26818,0.10086,0,0.084628,0.097986,0,0,0
-1.0022,3.0008,1,-0.26649,0.10282,0,0.085017,0.098345,0,0,0
-1.0075,3.0029,1,-0.26478,0.10479,0,0.085403,0.098698,0,0,0
-1.0128,3.005,1,-0.26307,0.10677,0,0.085784,0.099045,0,0,0
-1.018,3.0072,1,-0.26135,0.10875,0,0.086162,0.099385,0,0,0
-1.0232,3.0094,1,-0.25962,0.11074,0,0.086535,0.099718,0,0,0
-1.0284,3.0116,1,-0.25789,0.11274,0,0.086904,0.10005,0,0,0
-1.0336,3.0139,1,-0.25615,0.11475,0,0.087269,0.10037,0,0,0
-1.0387,3.0162,1,-0.2544,0.11676,0,0.08763,0.10068,0,0,0
-1.0437,3.0186,1,-0.25264,0.11877,0,0.087987,0.10099,0,0,0
-1.0488,3.021,1,-0.25088,0.1208,0,0.08834,0.10129,0,0,0
-1.0538,3.0234,1,-0.24911,0.12283,0,0.088689,0.10158,0,0,0
-1.0587,3.0259,1,-0.24733,0.12486,0,0.089033,0.10187,0,0,0
-1.0637,3.0284,1,-0.24555,0.1269,0,0.089374,0.10215,0,0,0
-1.0686,3.031,1,-0.24376,0.12895,0,0.08971,0.10243,0,0,0
-1.0734,3.0335,1,-0.24196,0.131,0,0.090042,0.10269,0,0,0
-1.0782,3.0362,1,-0.24016,0.13305,0,0.09037,0.10296,0,0,0
-1.083,3.0389,1,-0.23835,0.13512,0,0.090694,0.10321,0,0,0
-1.0878,3.0416,1,-0.23653,0.13718,0,0.091013,0.10346,0,0,0
-1.0925,3.0444,1,-0.2347,0.13925,0,0.091329,0.1037,0,0,0
-1.0972,3.0472,1,-0.23287,0.14133,0,0.09164,0.10393,0,0,0
-1.1018,3.05,1,-0.23104,0.14341,0,0.091947,0.10416,0,0,0
-1.1064,3.0529,1,-0.2292,0.1455,0,0.092249,0.10438,0,0,0
-1.111,3.0558,1,-0.22735,0.14759,0,0.092548,0.1046,0,0,0
-1.1155,3.0588,1,-0.2255,0.14968,0,0.092842,0.1048,0,0,0
-1.12,3.0618,1,-0.22364,0.15178,0,0.093132,0.105,0,0,0
-1.1244,3.0649,1,-0.22177,0.15388,0,0.093418,0.1052,0,0,0
-1.1289,3.068,1,-0.2199,0.15599,0,0.093699,0.10539,0,0,0
-1.1332,3.0711,1,-0.21802,0.1581,0,0.093976,0.10557,0,0,0
-1.1376,3.0743,1,-0.21614,0.16021,0,0.094249,0.10574,0,0,0
-1.1419,3.0775,1,-0.21425,0.16233,0,0.094518,0.10591,0,0,0
-1.1461,3.0808,1,-0.21236,0.16444,0,0.094782,0.10607,0,0,0
-1.1504,3.0841,1,-0.21046,0.16657,0,0.095042,0.10622,0,0,0
-1.1546,3.0875,1,-0.20856,0.16869,0,0.095298,0.10637,0,0,0
-1.1587,3.0908,1,-0.20665,0.17082,0,0.09555,0.10651,0,0,0
-1.1628,3.0943,1,-0.20474,0.17295,0,0.095797,0.10664,0,0,0
-1.1669,3.0978,1,-0.20282,0.17509,0,0.09604,0.10676,0,0,0
-1.1709,3.1013,1,-0.20089,0.17722,0,0.096278,0.10688,0,0,0
-1.1749,3.1049,1,-0.19897,0.17936,0,0.096513,0.107,0,0,0
-1.1789,3.1085,1,-0.19703,0.1815,0,0.096743,0.1071,0,0,0
-1.1828,3.1121,1,-0.1951,0.18365,0,0.096969,0.1072,0,0,0
-1.1867,3.1158,1,-0.19315,0.18579,0,0.09719,0.10729,0,0,0
-1.1905,3.1195,1,-0.19121,0.18794,0,0.097407,0.10738,0,0,0
-1.1944,3.1233,1,-0.18926,0.19009,0,0.09762,0.10745,0,0,0
-1.1981,3.1272,1,-0.1873,0.19224,0,0.097829,0.10753,0,0,0
-1.2018,3.131,1,-0.18535,0.19439,0,0.098033,0.10759,0,0,0
-1.2055,3.1349,1,-0.18338,0.19654,0,0.098233,0.10765,0,0,0
-1.2092,3.1389,1,-0.18142,0.19869,0,0.098428,0.1077,0,0,0
-1.2128,3.1429,1,-0.17945,0.20085,0,0.09862,0.10774,0,0,0
-1.2164,3.1469,1,-0.17747,0.203,0,0.098807,0.10778,0,0,0
-1.2199,3.151,1,-0.17549,0.20516,0,0.098989,0.10781,0,0,0
-1.2234,3.1551,1,-0.17351,0.20732,0,0.099168,0.10783,0,0,0
-1.2268,3.1593,1,-0.17153,0.20947,0,0.099342,0.10785,0,0,0
-1.2302,3.1635,1,-0.16954,0.21163,0,0.099511,0.10786,0,0,0
-1.2336,3.1678,1,-0.16755,0.21379,0,0.099677,0.10786,0,0,0
-1.2369,3.1721,1,-0.16555,0.21594,0,0.099838,0.10785,0,0,0
-1.2402,3.1764,1,-0.16355,0.2181,0,0.099995,0.10784,0,0,0
-1.2435,3.1808,1,-0.16155,0.22026,0,0.10015,0.10783,0,0,0
-1.2467,3.1852,1,-0.15955,0.22241,0,0.1003,0.1078,0,0,0
-1.2499,3.1897,1,-0.15754,0.22457,0,0.10044,0.10777,0,0,0
-1.253,3.1942,1,-0.15553,0.22672,0,0.10058,0.10773,0,0,0
-1.2561,3.1987,1,-0.15352,0.22888,0,0.10071,0.10768,0,0,0
-1.2591,3.2033,1,-0.1515,0.23103,0,0.10085,0.10763,0,0,0
-1.2621,3.208,1,-0.14948,0.23318,0,0.10097,0.10757,0,0,0
-1.2651,3.2127,1,-0.14746,0.23533,0,0.1011,0.10751,0,0,0
-1.268,3.2174,1,-0.14544,0.23748,0,0.10121,0.10743,0,0,0
-1.2709,3.2222,1,-0.14341,0.23963,0,0.10133,0.10736,0,0,0
-1.2738,3.227,1,-0.14139,0.24178,0,0.10144,0.10727,0,0,0
-1.2766,3.2318,1,-0.13936,0.24392,0,0.10154,0.10718,0,0,0
-1.2794,3.2367,1,-0.13732,0.24607,0,0.10164,0.10708,0,0,0
-1.2821,3.2417,1,-0.13529,0.24821,0,0.10174,0.10697,0,0,0
-1.2848,3.2467,1,-0.13325,0.25034,0,0.10183,0.10686,0,0,0
-1.2874,3.2517,1,-0.13122,0.25248,0,0.10192,0.10674,0,0,0
-1.29,3.2568,1,-0.12918,0.25461,0,0.10201,0.10661,0,0,0
-1.2926,3.2619,1,-0.12714,0.25674,0,0.10209,0.10648,0,0,0
-1.2951,3.267,1,-0.12509,0.25887,0,0.10216,0.10634,0,0,0
-1.2976,3.2722,1,-0.12305,0.261,0,0.10223,0.10619,0,0,0
-1.3,3.2775,1,-0.121,0.26312,0,0.1023,0.10603,0,0,0
-1.3024,3.2828,1,-0.11896,0.26524,0,0.10236,0.10587,0,0,0
-1.3048,3.2881,1,-0.11691,0.26735,0,0.10242,0.10571,0,0,0
-1.3071,3.2935,1,-0.11486,0.26947,0,0.10248,0.10553,0,0,0
-1.3094,3.2989,1,-0.11281,0.27158,0,0.10253,0.10535,0,0,0
-1.3116,3.3043,1,-0.11076,0.27368,0,0.10258,0.10517,0,0,0
-1.3138,3.3098,1,-0.10871,0.27578,0,0.10262,0.10497,0,0,0
-1.316,3.3153,1,-0.10666,0.27788,0,0.10266,0.10477,0,0,0
-1.3181,3.3209,1,-0.1046,0.27997,0,0.10269,0.10456,0,0,0
-1.3201,3.3265,1,-0.10255,0.28206,0,0.10272,0.10435,0,0,0
-1.3222,3.3322,1,-0.10049,0.28415,0,0.10274,0.10413,0,0,0
-1.3242,3.3379,1,-0.098438,0.28623,0,0.10277,0.1039,0,0,0
-1.3261,3.3437,1,-0.096383,0.2883,0,0.10278,0.10367,0,0,0
-1.328,3.3494,1,-0.094327,0.29037,0,0.1028,0.10343,0,0,0
-1.3299,3.3553,1,-0.092271,0.29244,0,0.10281,0.10318,0,0,0
-1.3317,3.3611,1,-0.090215,0.2945,0,0.10281,0.10293,0,0,0
-1.3335,3.3671,1,-0.088158,0.29656,0,0.10281,0.10267,0,0,0
-1.3352,3.373,1,-0.086102,0.29861,0,0.10281,0.10241,0,0,0
-1.3369,3.379,1,-0.084046,0.30065,0,0.1028,0.10213,0,0,0
-1.3386,3.385,1,-0.08199,0.30269,0,0.10279,0.10186,0,0,0
-1.3402,3.3911,1,-0.079934,0.30473,0,0.10278,0.10157,0,0,0
-1.3418,3.3972,1,-0.077879,0.30676,0,0.10276,0.10128,0,0,0
-1.3433,3.4034,1,-0.075824,0.30878,0,0.10273,0.10098,0,0,0
-1.3448,3.4096,1,-0.07377,0.3108,0,0.10271,0.10068,0,0,0
-1.3463,3.4158,1,-0.071716,0.31281,0,0.10268,0.10037,0,0,0
-1.3477,3.4221,1,-0.069663,0.31481,0,0.10264,0.10005,0,0,0
-1.3491,3.4284,1,-0.06761,0.31681,0,0.1026,0.099726,0,0,0
-1.3504,3.4348,1,-0.065559,0.3188,0,0.10256,0.099396,0,0,0
-1.3517,3.4411,1,-0.063508,0.32078,0,0.10251,0.09906,0,0,0
-1.3529,3.4476,1,-0.061458,0.32276,0,0.10246,0.098718,0,0,0
-1.3542,3.4541,1,-0.059409,0.32473,0,0.10241,0.09837,0,0,0
-1.3553,3.4606,1,-0.057362,0.3267,0,0.10235,0.098015,0,0,0
-1.3564,3.4671,1,-0.055316,0.32865,0,0.10228,0.097654,0,0,0
-1.3575,3.4737,1,-0.053271,0.3306,0,0.10222,0.097287,0,0,0
-1.3586,3.4804,1,-0.051227,0.33255,0,0.10215,0.096914,0,0,0
-1.3596,3.487,1,-0.049185,0.33448,0,0.10207,0.096534,0,0,0
-1.3605,3.4937,1,-0.047144,0.33641,0,0.102,0.096149,0,0,0
-1.3615,3.5005,1,-0.045105,0.33833,0,0.10191,0.095757,0,0,0
-1.3623,3.5073,1,-0.043068,0.34024,0,0.10183,0.095359,0,0,0
-1.3632,3.5141,1,-0.041032,0.34214,0,0.10174,0.094955,0,0,0
-1.364,3.5209,1,-0.038998,0.34403,0,0.10164,0.094546,0,0,0
-1.3647,3.5278,1,-0.036966,0.34592,0,0.10155,0.09413,0,0,0
-1.3655,3.5348,1,-0.034936,0.3478,0,0.10145,0.093708,0,0,0
-1.3661,3.5418,1,-0.032908,0.34967,0,0.10134,0.09328,0,0,0
-1.3668,3.5488,1,-0.030883,0.35153,0,0.10123,0.092846,0,0,0
-1.3674,3.5558,1,-0.028859,0.35338,0,0.10112,0.092406,0,0,0
-1.3679,3.5629,1,-0.026838,0.35523,0,0.101,0.09196,0,0,0
-1.3685,3.57,1,-0.024819,0.35706,0,0.10088,0.091509,0,0,0
-1.3689,3.5772,1,-0.022802,0.35889,0,0.10076,0.091051,0,0,0
-1.3694,3.5844,1,-0.020788,0.3607,0,0.10063,0.090588,0,0,0
-1.3698,3.5916,1,-0.018777,0.36251,0,0.1005,0.090119,0,0,0
-1.3701,3.5989,1,-0.016768,0.36431,0,0.10037,0.089644,0,0,0
-1.3704,3.6062,1,-0.014762,0.3661,0,0.10023,0.089163,0,0,0
-1.3707,3.6135,1,-0.012759,0.36788,0,0.10009,0.088676,0,0,0
-1.3709,3.6209,1,-0.010759,0.36964,0,0.099945,0.088184,0,0,0
-1.3711,3.6283,1,-0.0087613,0.3714,0,0.099796,0.087686,0,0,0
-1.3713,3.6358,1,-0.0067669,0.37315,0,0.099644,0.087183,0,0,0
-1.3714,3.6432,1,-0.0047755,0.37489,0,0.099488,0.086673,0,0,0
-1.3715,3.6508,1,-0.0027874,0.37662,0,0.099329,0.086158,0,0,0
-1.3715,3.6583,1,-0.00080242,0.37834,0,0.099166,0.085638,0,0,0
-1.3715,3.6659,1,0.0011792,0.38004,0,0.098999,0.085112,0,0,0
-1.3715,3.6735,1,0.0031575,0.38174,0,0.098829,0.08458,0,0,0
-1.3714,3.6812,1,0.0051324,0.38343,0,0.098656,0.084043,0,0,0
-1.3713,3.6888,1,0.0071038,0.3851,0,0.098479,0.0835,0,0,0
-1.3711,3.6966,1,0.0090715,0.38677,0,0.098299,0.082952,0,0,0
-1.3709,3.7043,1,0.011036,0.38842,0,0.098115,0.082398,0,0,0
-1.3707,3.7121,1,0.012996,0.39006,0,0.097928,0.081839,0,0,0
-1.3704,3.7199,1,0.014953,0.39169,0,0.097738,0.081275,0,0,0
-1.3701,3.7278,1,0.016906,0.39331,0,0.097544,0.080705,0,0,0
-1.3697,3.7357,1,0.018855,0.39492,0,0.097347,0.08013,0,0,0
-1.3693,3.7436,1,0.020799,0.39652,0,0.097146,0.079549,0,0,0
-1.3689,3.7515,1,0.02274,0.3981,0,0.096942,0.078963,0,0,0
-1.3684,3.7595,1,0.024677,0.39968,0,0.096735,0.078372,0,0,0
-1.3679,3.7675,1,0.02661,0.40124,0,0.096524,0.077776,0,0,0
-1.3673,3.7755,1,0.028538,0.40279,0,0.096311,0.077174,0,0,0
-1.3667,3.7836,1,0.030462,0.40433,0,0.096094,0.076567,0,0,0
-1.3661,3.7917,1,0.032382,0.40585,0,0.095873,0.075956,0,0,0
-1.3655,3.7998,1,0.034297,0.40736,0,0.09565,0.075338,0,0,0
-1.3647,3.808,1,0.036208,0.40886,0,0.095423,0.074716,0,0,0
-1.364,3.8162,1,0.038114,0.41035,0,0.095193,0.074089,0,0,0
-1.3632,3.8244,1,0.040015,0.41183,0,0.09496,0.073457,0,0,0
-1.3624,3.8327,1,0.041912,0.41329,0,0.094724,0.07282,0,0,0
-1.3615,3.841,1,0.043804,0.41474,0,0.094485,0.072177,0,0,0
-1.3607,3.8493,1,0.045692,0.41618,0,0.094242,0.07153,0,0,0
-1.3597,3.8576,1,0.047574,0.4176,0,0.093997,0.070878,0,0,0
-1.3587,3.866,1,0.049452,0.41901,0,0.093748,0.070221,0,0,0
-1.3577,3.8744,1,0.051324,0.42041,0,0.093496,0.069559,0,0,0
-1.3567,3.8828,1,0.053191,0.4218,0,0.093242,0.068892,0,0,0
-1.3556,3.8912,1,0.055054,0.42317,0,0.092984,0.06822,0,0,0
-1.3545,3.8997,1,0.056911,0.42452,0,0.092723,0.067544,0,0,0
-1.3533,3.9082,1,0.058763,0.42587,0,0.092459,0.066863,0,0,0
-1.3521,3.9167,1,0.060609,0.4272,0,0.092192,0.066177,0,0,0
-1.3509,3.9253,1,0.06245,0.42852,0,0.091923,0.065486,0,0,0
-1.3496,3.9339,1,0.064286,0.42982,0,0.09165,0.064791,0,0,0
-1.3483,3.9425,1,0.066116,0.43111,0,0.091375,0.064091,0,0,0
-1.347,3.9511,1,0.067941,0.43238,0,0.091096,0.063386,0,0,0
-1.3456,3.9598,1,0.06976,0.43364,0,0.090815,0.062677,0,0,0
-1.3442,3.9685,1,0.071573,0.43489,0,0.09053,0.061963,0,0,0
-1.3428,3.9772,1,0.073381,0.43612,0,0.090243,0.061245,0,0,0
-1.3413,3.9859,1,0.075183,0.43734,0,0.089954,0.060522,0,0,0
-1.3398,3.9947,1,0.076979,0.43854,0,0.089661,0.059795,0,0,0
-1.3382,4.0035,1,0.07877,0.43973,0,0.089365,0.059063,0,0,0
-1.3366,4.0123,1,0.080554,0.4409,0,0.089067,0.058327,0,0,0
-1.335,4.0211,1,0.082332,0.44206,0,0.088766,0.057587,0,0,0
-1.3333,4.0299,1,0.084105,0.44321,0,0.088462,0.056842,0,0,0
-1.3316,4.0388,1,0.085871,0.44434,0,0.088156,0.056093,0,0,0
-1.3299,4.0477,1,0.087631,0.44545,0,0.087847,0.055339,0,0,0
-1.3281,4.0566,1,0.089385,0.44655,0,0.087535,0.054581,0,0,0
-1.3263,4.0656,1,0.091132,0.44763,0,0.087221,0.053819,0,0,0
-1.3245,4.0745,1,0.092873,0.4487,0,0.086904,0.053053,0,0,0
-1.3226,4.0835,1,0.094608,0.44976,0,0.086584,0.052283,0,0,0
-1.3207,4.0925,1,0.096337,0.45079,0,0.086262,0.051509,0,0,0
-1.3187,4.1016,1,0.098059,0.45182,0,0.085937,0.05073,0,0,0
-1.3168,4.1106,1,0.099774,0.45282,0,0.085609,0.049947,0,0,0
-1.3147,4.1197,1,0.10148,0.45381,0,0.085279,0.049161,0,0,0
-1.3127,4.1288,1,0.10319,0.45479,0,0.084947,0.04837,0,0,0
-1.3106,4.1379,1,0.10488,0.45575,0,0.084612,0.047575,0,0,0
-1.3085,4.147,1,0.10657,0.45669,0,0.084274,0.046777,0,0,0
-1.3064,4.1561,1,0.10825,0.45762,0,0.083934,0.045974,0,0,0
-1.3042,4.1653,1,0.10993,0.45853,0,0.083592,0.045168,0,0,0
-1.302,4.1745,1,0.1116,0.45943,0,0.083247,0.044357,0,0,0
-1.2997,4.1837,1,0.11326,0.46031,0,0.0829,0.043543,0,0,0
-1.2974,4.1929,1,0.11491,0.46117,0,0.08255,0.042725,0,0,0
-1.2951,4.2021,1,0.11656,0.46202,0,0.082198,0.041903,0,0,0
-1.2928,4.2114,1,0.1182,0.46284,0,0.081844,0.041078,0,0,0
-1.2904,4.2206,1,0.11983,0.46366,0,0.081487,0.040249,0,0,0
-1.288,4.2299,1,0.12146,0.46445,0,0.081128,0.039416,0,0,0
-1.2855,4.2392,1,0.12308,0.46523,0,0.080767,0.038579,0,0,0
-1.283,4.2485,1,0.12469,0.466,0,0.080403,0.037739,0,0,0
-1.2805,4.2579,1,0.12629,0.46674,0,0.080037,0.036895,0,0,0
-1.278,4.2672,1,0.12789,0.46747,0,0.079669,0.036048,0,0,0
-1.2754,4.2766,1,0.12948,0.46819,0,0.079299,0.035197,0,0,0
-1.2728,4.2859,1,0.13106,0.46888,0,0.078926,0.034343,0,0,0
-1.2702,4.2953,1,0.13264,0.46956,0,0.078552,0.033485,0,0,0
-1.2675,4.3047,1,0.1342,0.47022,0,0.078175,0.032623,0,0,0
-1.2648,4.3141,1,0.13576,0.47086,0,0.077796,0.031759,0,0,0
-1.2621,4.3235,1,0.13732,0.47149,0,0.077415,0.030891,0,0,0
-1.2593,4.333,1,0.13886,0.4721,0,0.077032,0.030019,0,0,0
-1.2565,4.3424,1,0.1404,0.47269,0,0.076646,0.029145,0,0,0
-1.2537,4.3519,1,0.14193,0.47327,0,0.076259,0.028267,0,0,0
-1.2508,4.3614,1,0.14345,0.47382,0,0.07587,0.027385,0,0,0
-1.248,4.3708,1,0.14496,0.47436,0,0.075478,0.026501,0,0,0
-1.245,4.3803,1,0.14647,0.47488,0,0.075085,0.025613,0,0,0
-1.2421,4.3898,1,0.14797,0.47539,0,0.074689,0.024722,0,0,0
-1.2391,4.3993,1,0.14946,0.47587,0,0.074292,0.023828,0,0,0
-1.2361,4.4089,1,0.15094,0.47634,0,0.073893,0.022931,0,0,0
-1.2331,4.4184,1,0.15241,0.47679,0,0.073491,0.022031,0,0,0
-1.23,4.4279,1,0.15388,0.47722,0,0.073088,0.021128,0,0,0
-1.2269,4.4375,1,0.15533,0.47763,0,0.072683,0.020221,0,0,0
-1.2238,4.447,1,0.15678,0.47803,0,0.072276,0.019312,0,0,0
-1.2207,4.4566,1,0.15823,0.47841,0,0.071867,0.0184,0,0,0
-1.2175,4.4662,1,0.15966,0.47877,0,0.071457,0.017485,0,0,0
-1.2143,4.4758,1,0.16108,0.47911,0,0.071044,0.016567,0,0,0
-1.211,4.4853,1,0.1625,0.47943,0,0.07063,0.015646,0,0,0
-1.2078,4.4949,1,0.16391,0.47973,0,0.070214,0.014722,0,0,0
-1.2045,4.5045,1,0.16531,0.48002,0,0.069796,0.013796,0,0,0
-1.2012,4.5141,1,0.1667,0.48028,0,0.069377,0.012866,0,0,0
-1.1978,4.5237,1,0.16808,0.48053,0,0.068955,0.011934,0,0,0
-1.1944,4.5334,1,0.16946,0.48076,0,0.068532,0.011,0,0,0
-1.191,4.543,1,0.17083,0.48097,0,0.068108,0.010062,0,0,0
-1.1876,4.5526,1,0.17218,0.48116,0,0.067681,0.0091219,0,0,0
-1.1842,4.5622,1,0.17353,0.48134,0,0.067253,0.0081791,0,0,0
-1.1807,4.5718,1,0.17487,0.48149,0,0.066824,0.0072337,0,0,0
-1.1772,4.5815,1,0.17621,0.48163,0,0.066392,0.0062857,0,0,0
-1.1736,4.5911,1,0.17753,0.48174,0,0.06596,0.0053351,0,0,0
-1.1701,4.6007,1,0.17884,0.48184,0,0.065525,0.0043821,0,0,0
-1.1665,4.6104,1,0.18015,0.48192,0,0.065089,0.0034265,0,0,0
-1.1629,4.62,1,0.18145,0.48198,0,0.064652,0.0024685,0,0,0
-1.1592,4.6297,1,0.18274,0.48202,0,0.064212,0.001508,0,0,0
-1.1555,4.6393,1,0.18402,0.48204,0,0.063772,0.00054518,0,0,0
-1.1518,4.6489,1,0.18529,0.48204,0,0.06333,-0.00042006,0,0,0
-1.1481,4.6586,1,0.18655,0.48202,0,0.062886,-0.0013877,0,0,0
-1.1444,4.6682,1,0.1878,0.48198,0,0.062441,-0.0023576,0,0,0
-1.1406,4.6779,1,0.18905,0.48193,0,0.061995,-0.0033298,0,0,0
-1.1368,4.6875,1,0.19028,0.48185,0,0.061547,-0.0043043,0,0,0
-1.133,4.6971,1,0.19151,0.48175,0,0.061097,-0.0052811,0,0,0
-1.1292,4.7068,1,0.19273,0.48164,0,0.060647,-0.00626,0,0,0
-1.1253,4.7164,1,0.19393,0.4815,0,0.060195,-0.0072412,0,0,0
-1.1214,4.726,1,0.19513,0.48135,0,0.059741,-0.0082245,0,0,0
-1.1175,4.7357,1,0.19632,0.48117,0,0.059286,-0.0092099,0,0,0
-1.1136,4.7453,1,0.19751,0.48098,0,0.05883,-0.010197,0,0,0
-1.1096,4.7549,1,0.19868,0.48077,0,0.058373,-0.011187,0,0,0
-1.1056,4.7645,1,0.19984,0.48053,0,0.057914,-0.012179,0,0,0
-1.1016,4.7741,1,0.20099,0.48028,0,0.057454,-0.013173,0,0,0
-1.0976,4.7837,1,0.20214,0.48001,0,0.056993,-0.014168,0,0,0
-1.0935,4.7933,1,0.20327,0.47971,0,0.05653,-0.015166,0,0,0
-1.0894,4.8029,1,0.2044,0.4794,0,0.056067,-0.016166,0,0,0
-1.0853,4.8125,1,0.20552,0.47907,0,0.055602,-0.017167,0,0,0
-1.0812,4.8221,1,0.20662,0.47871,0,0.055136,-0.018171,0,0,0
-1.0771,4.8316,1,0.20772,0.47834,0,0.054668,-0.019176,0,0,0
-1.0729,4.8412,1,0.20881,0.47794,0,0.0542,-0.020183,0,0,0
-1.0687,4.8508,1,0.20989,0.47753,0,0.05373,-0.021192,0,0,0
-1.0645,4.8603,1,0.21096,0.4771,0,0.05326,-0.022203,0,0,0
-1.0603,4.8698,1,0.21202,0.47664,0,0.052788,-0.023216,0,0,0
-1.056,4.8794,1,0.21307,0.47617,0,0.052315,-0.02423,0,0,0
-1.0518,4.8889,1,0.21411,0.47567,0,0.051841,-0.025246,0,0,0
-1.0475,4.8984,1,0.21514,0.47516,0,0.051366,-0.026264,0,0,0
-1.0432,4.9079,1,0.21617,0.47462,0,0.050889,-0.027284,0,0,0
-1.0388,4.9174,1,0.21718,0.47407,0,0.050412,-0.028305,0,0,0
-1.0345,4.9269,1,0.21818,0.47349,0,0.049934,-0.029328,0,0,0
-1.0301,4.9363,1,0.21918,0.47289,0,0.049455,-0.030352,0,0,0
-1.0257,4.9458,1,0.22016,0.47228,0,0.048975,-0.031378,0,0,0
-1.0213,4.9552,1,0.22114,0.47164,0,0.048493,-0.032406,0,0,0
-1.0169,4.9646,1,0.2221,0.47098,0,0.048011,-0.033435,0,0,0
-1.0124,4.9741,1,0.22306,0.4703,0,0.047528,-0.034465,0,0,0
-1.0079,4.9835,1,0.224,0.4696,0,0.047044,-0.035497,0,0,0
-1.0034,4.9928,1,0.22494,0.46888,0,0.046559,-0.036531,0,0,0
-0.99894,5.0022,1,0.22586,0.46814,0,0.046073,-0.037566,0,0,0
-0.99441,5.0116,1,0.22678,0.46738,0,0.045586,-0.038603,0,0,0
-0.98986,5.0209,1,0.22769,0.4666,0,0.045098,-0.03964,0,0,0
-0.9853,5.0302,1,0.22859,0.46579,0,0.04461,-0.04068,0,0,0
-0.98072,5.0395,1,0.22947,0.46497,0,0.04412,-0.04172,0,0,0
-0.97612,5.0488,1,0.23035,0.46412,0,0.04363,-0.042762,0,0,0
-0.97151,5.0581,1,0.23122,0.46326,0,0.043139,-0.043806,0,0,0
-0.96687,5.0674,1,0.23208,0.46237,0,0.042647,-0.04485,0,0,0
-0.96222,5.0766,1,0.23292,0.46146,0,0.042154,-0.045896,0,0,0
-0.95756,5.0858,1,0.23376,0.46054,0,0.041661,-0.046943,0,0,0
-0.95287,5.095,1,0.23459,0.45959,0,0.041166,-0.047992,0,0,0
-0.94817,5.1042,1,0.23541,0.45862,0,0.040671,-0.049042,0,0,0
-0.94346,5.1134,1,0.23622,0.45763,0,0.040175,-0.050092,0,0,0
-0.93872,5.1225,1,0.23702,0.45661,0,0.039679,-0.051144,0,0,0
-0.93398,5.1316,1,0.2378,0.45558,0,0.039182,-0.052198,0,0,0
-0.92921,5.1407,1,0.23858,0.45453,0,0.038683,-0.053252,0,0,0
-0.92443,5.1498,1,0.23935,0.45345,0,0.038185,-0.054308,0,0,0
-0.91964,5.1589,1,0.24011,0.45235,0,0.037685,-0.055364,0,0,0
-0.91483,5.1679,1,0.24086,0.45123,0,0.037185,-0.056422,0,0,0
-0.91,5.1769,1,0.2416,0.4501,0,0.036684,-0.057481,0,0,0
-0.90517,5.1859,1,0.24233,0.44894,0,0.036183,-0.058541,0,0,0
-0.90031,5.1949,1,0.24304,0.44775,0,0.03568,-0.059602,0,0,0
-0.89544,5.2038,1,0.24375,0.44655,0,0.035178,-0.060664,0,0,0
-0.89056,5.2127,1,0.24445,0.44533,0,0.034674,-0.061727,0,0,0
-0.88567,5.2216,1,0.24514,0.44408,0,0.03417,-0.06279,0,0,0
-0.88076,5.2305,1,0.24582,0.44282,0,0.033665,-0.063855,0,0,0
-0.87583,5.2393,1,0.24649,0.44153,0,0.03316,-0.064921,0,0,0
-0.8709,5.2482,1,0.24715,0.44022,0,0.032654,-0.065988,0,0,0
-0.86595,5.2569,1,0.24779,0.43889,0,0.032148,-0.067056,0,0,0
-0.86098,5.2657,1,0.24843,0.43754,0,0.031641,-0.068125,0,0,0
-0.85601,5.2744,1,0.24906,0.43616,0,0.031133,-0.069194,0,0,0
-0.85102,5.2832,1,0.24968,0.43477,0,0.030625,-0.070265,0,0,0
-0.84602,5.2918,1,0.25028,0.43335,0,0.030116,-0.071336,0,0,0
-0.84101,5.3005,1,0.25088,0.43192,0,0.029607,-0.072408,0,0,0
-0.83599,5.3091,1,0.25147,0.43046,0,0.029097,-0.073481,0,0,0
-0.83095,5.3177,1,0.25205,0.42898,0,0.028587,-0.074555,0,0,0
-0.82591,5.3263,1,0.25261,0.42747,0,0.028076,-0.075629,0,0,0
-0.82085,5.3348,1,0.25317,0.42595,0,0.027565,-0.076705,0,0,0
-0.81578,5.3433,1,0.25371,0.42441,0,0.027053,-0.077781,0,0,0
-0.8107,5.3518,1,0.25425,0.42284,0,0.026541,-0.078858,0,0,0
-0.80561,5.3602,1,0.25478,0.42125,0,0.026028,-0.079936,0,0,0
-0.80051,5.3686,1,0.25529,0.41964,0,0.025515,-0.081014,0,0,0
-0.7954,5.377,1,0.2558,0.41801,0,0.025002,-0.082093,0,0,0
-0.79028,5.3854,1,0.25629,0.41636,0,0.024488,-0.083173,0,0,0
-0.78515,5.3937,1,0.25678,0.41468,0,0.023973,-0.084254,0,0,0
-0.78001,5.4019,1,0.25725,0.41299,0,0.023458,-0.085335,0,0,0
-0.77486,5.4102,1,0.25771,0.41127,0,0.022943,-0.086417,0,0,0
-0.7697,5.4184,1,0.25817,0.40953,0,0.022427,-0.087499,0,0,0
-0.76453,5.4266,1,0.25861,0.40777,0,0.021911,-0.088583,0,0,0
-0.75935,5.4347,1,0.25904,0.40599,0,0.021394,-0.089666,0,0,0
-0.75417,5.4428,1,0.25947,0.40418,0,0.020877,-0.090751,0,0,0
-0.74897,5.4509,1,0.25988,0.40236,0,0.02036,-0.091836,0,0,0
-0.74377,5.4589,1,0.26028,0.40051,0,0.019842,-0.092921,0,0,0
-0.73856,5.4669,1,0.26067,0.39864,0,0.019324,-0.094008,0,0,0
-0.73335,5.4748,1,0.26105,0.39675,0,0.018806,-0.095094,0,0,0
-0.72812,5.4828,1,0.26143,0.39484,0,0.018287,-0.096182,0,0,0
-0.72289,5.4906,1,0.26179,0.3929,0,0.017768,-0.09727,0,0,0
-0.71765,5.4985,1,0.26214,0.39095,0,0.017249,-0.098358,0,0,0
-0.7124,5.5063,1,0.26248,0.38897,0,0.016729,-0.099447,0,0,0
-0.70715,5.514,1,0.26281,0.38697,0,0.016209,-0.10054,0,0,0
-0.70189,5.5218,1,0.26312,0.38495,0,0.015688,-0.10163,0,0,0
-0.69663,5.5294,1,0.26343,0.3829,0,0.015168,-0.10272,0,0,0
-0.69135,5.5371,1,0.26373,0.38084,0,0.014647,-0.10381,0,0,0
-0.68608,5.5447,1,0.26402,0.37875,0,0.014125,-0.1049,0,0,0
-0.68079,5.5522,1,0.2643,0.37664,0,0.013604,-0.10599,0,0,0
-0.6755,5.5597,1,0.26456,0.37451,0,0.013082,-0.10708,0,0,0
-0.67021,5.5672,1,0.26482,0.37236,0,0.01256,-0.10818,0,0,0
-0.66491,5.5746,1,0.26507,0.37019,0,0.012037,-0.10927,0,0,0
-0.65961,5.582,1,0.2653,0.36799,0,0.011515,-0.11036,0,0,0
-0.6543,5.5893,1,0.26553,0.36577,0,0.010992,-0.11146,0,0,0
-0.64899,5.5966,1,0.26574,0.36353,0,0.010469,-0.11255,0,0,0
-0.64367,5.6039,1,0.26594,0.36127,0,0.0099451,-0.11365,0,0,0
-0.63835,5.6111,1,0.26614,0.35898,0,0.0094214,-0.11474,0,0,0
-0.63303,5.6182,1,0.26632,0.35668,0,0.0088975,-0.11584,0,0,0
-0.6277,5.6254,1,0.26649,0.35435,0,0.0083733,-0.11693,0,0,0
-0.62237,5.6324,1,0.26666,0.352,0,0.007849,-0.11803,0,0,0
-0.61703,5.6394,1,0.26681,0.34963,0,0.0073244,-0.11913,0,0,0
-0.61169,5.6464,1,0.26695,0.34724,0,0.0067996,-0.12022,0,0,0
-0.60635,5.6533,1,0.26708,0.34482,0,0.0062745,-0.12132,0,0,0
-0.60101,5.6602,1,0.2672,0.34238,0,0.0057493,-0.12242,0,0,0
-0.59567,5.667,1,0.26731,0.33992,0,0.0052239,-0.12352,0,0,0
-0.59032,5.6738,1,0.26741,0.33744,0,0.0046983,-0.12461,0,0,0
-0.58497,5.6805,1,0.2675,0.33494,0,0.0041725,-0.12571,0,0,0
-0.57962,5.6872,1,0.26758,0.33241,0,0.0036465,-0.12681,0,0,0
-0.57427,5.6938,1,0.26764,0.32987,0,0.0031203,-0.12791,0,0,0
-0.56891,5.7004,1,0.2677,0.3273,0,0.0025939,-0.12901,0,0,0
-0.56356,5.7069,1,0.26775,0.32471,0,0.0020674,-0.13011,0,0,0
-0.5582,5.7134,1,0.26778,0.32209,0,0.0015407,-0.13121,0,0,0
-0.55285,5.7198,1,0.26781,0.31946,0,0.0010139,-0.13231,0,0,0
-0.54749,5.7262,1,0.26782,0.3168,0,0.00048687,-0.13341,0,0,0
-0.54213,5.7325,1,0.26783,0.31412,0,-4.0296e-05,-0.13451,0,0,0
-0.53678,5.7387,1,0.26782,0.31142,0,-0.00056761,-0.13561,0,0,0
-0.53142,5.7449,1,0.26781,0.3087,0,-0.0010951,-0.13671,0,0,0
-0.52606,5.7511,1,0.26778,0.30595,0,-0.0016227,-0.13781,0,0,0
-0.52071,5.7572,1,0.26774,0.30319,0,-0.0021504,-0.13892,0,0,0
-0.51536,5.7632,1,0.26769,0.3004,0,-0.0026783,-0.14002,0,0,0
-0.51,5.7692,1,0.26763,0.29758,0,-0.0032063,-0.14112,0,0,0
-0.50465,5.7751,1,0.26756,0.29475,0,-0.0037344,-0.14222,0,0,0
-0.4993,5.781,1,0.26748,0.2919,0,-0.0042626,-0.14333,0,0,0
-0.49395,5.7868,1,0.26739,0.28902,0,-0.004791,-0.14443,0,0,0
-0.4886,5.7925,1,0.26729,0.28612,0,-0.0053195,-0.14553,0,0,0
-0.48326,5.7982,1,0.26718,0.2832,0,-0.0058481,-0.14663,0,0,0
-0.47792,5.8039,1,0.26706,0.28025,0,-0.0063768,-0.14774,0,0,0
-0.47258,5.8094,1,0.26693,0.27729,0,-0.0069056,-0.14884,0,0,0
-0.46724,5.8149,1,0.26678,0.2743,0,-0.0074345,-0.14994,0,0,0
-0.46191,5.8204,1,0.26663,0.27129,0,-0.0079635,-0.15105,0,0,0
-0.45657,5.8258,1,0.26646,0.26826,0,-0.0084927,-0.15215,0,0,0
-0.45125,5.8311,1,0.26629,0.2652,0,-0.0090219,-0.15326,0,0,0
-0.44592,5.8364,1,0.2661,0.26213,0,-0.0095512,-0.15436,0,0,0
-0.4406,5.8416,1,0.26591,0.25903,0,-0.010081,-0.15546,0,0,0
-0.43529,5.8468,1,0.2657,0.25591,0,-0.01061,-0.15657,0,0,0
-0.42998,5.8518,1,0.26548,0.25277,0,-0.01114,-0.15767,0,0,0
-0.42467,5.8569,1,0.26525,0.2496,0,-0.011669,-0.15878,0,0,0
-0.41936,5.8618,1,0.26502,0.24642,0,-0.012199,-0.15988,0,0,0
-0.41407,5.8667,1,0.26477,0.24321,0,-0.012729,-0.16099,0,0,0
-0.40877,5.8716,1,0.26451,0.23998,0,-0.013259,-0.16209,0,0,0
-0.40349,5.8763,1,0.26424,0.23672,0,-0.013788,-0.1632,0,0,0
-0.3982,5.881,1,0.26396,0.23345,0,-0.014318,-0.1643,0,0,0
-0.39293,5.8857,1,0.26366,0.23015,0,-0.014848,-0.16541,0,0,0
-0.38766,5.8902,1,0.26336,0.22683,0,-0.015379,-0.16651,0,0,0
-0.38239,5.8947,1,0.26305,0.22349,0,-0.015909,-0.16762,0,0,0
-0.37714,5.8992,1,0.26272,0.22013,0,-0.016439,-0.16872,0,0,0
-0.37189,5.9035,1,0.26239,0.21674,0,-0.016969,-0.16983,0,0,0
-0.36664,5.9078,1,0.26205,0.21333,0,-0.0175,-0.17094,0,0,0
-0.3614,5.9121,1,0.26169,0.2099,0,-0.01803,-0.17204,0,0,0
-0.35617,5.9162,1,0.26133,0.20645,0,-0.01856,-0.17315,0,0,0
-0.35095,5.9203,1,0.26095,0.20298,0,-0.019091,-0.17425,0,0,0
-0.34574,5.9244,1,0.26056,0.19948,0,-0.019621,-0.17536,0,0,0
-0.34053,5.9283,1,0.26016,0.19596,0,-0.020152,-0.17647,0,0,0
-0.33533,5.9322,1,0.25976,0.19242,0,-0.020683,-0.17757,0,0,0
-0.33014,5.936,1,0.25934,0.18886,0,-0.021213,-0.17868,0,0,0
-0.32496,5.9398,1,0.25891,0.18528,0,-0.021744,-0.17978,0,0,0
-0.31978,5.9434,1,0.25847,0.18167,0,-0.022275,-0.18089,0,0,0
-0.31462,5.947,1,0.25802,0.17804,0,-0.022806,-0.182,0,0,0
-0.30946,5.9505,1,0.25755,0.17439,0,-0.023336,-0.1831,0,0,0
-0.30432,5.954,1,0.25708,0.17072,0,-0.023867,-0.18421,0,0,0
-0.29918,5.9574,1,0.2566,0.16702,0,-0.024398,-0.18532,0,0,0
-0.29405,5.9607,1,0.25611,0.1633,0,-0.024929,-0.18642,0,0,0
-0.28893,5.9639,1,0.2556,0.15956,0,-0.02546,-0.18753,0,0,0
-0.28383,5.9671,1,0.25509,0.1558,0,-0.025991,-0.18864,0,0,0
-0.27873,5.9701,1,0.25456,0.15202,0,-0.026522,-0.18974,0,0,0
-0.27364,5.9731,1,0.25403,0.14821,0,-0.027053,-0.19085,0,0,0
-0.26857,5.9761,1,0.25348,0.14438,0,-0.027584,-0.19196,0,0,0
-0.26351,5.9789,1,0.25292,0.14053,0,-0.028115,-0.19306,0,0,0
-0.25845,5.9817,1,0.25236,0.13666,0,-0.028646,-0.19417,0,0,0
-0.25341,5.9844,1,0.25178,0.13277,0,-0.029177,-0.19528,0,0,0
-0.24838,5.987,1,0.25119,0.12885,0,-0.029708,-0.19639,0,0,0
-0.24336,5.9895,1,0.25059,0.12491,0,-0.030239,-0.19749,0,0,0
-0.23836,5.992,1,0.24998,0.12095,0,-0.03077,-0.1986,0,0,0
-0.23336,5.9944,1,0.24936,0.11697,0,-0.031301,-0.19971,0,0,0
-0.22838,5.9967,1,0.24873,0.11296,0,-0.031833,-0.20081,0,0,0
-0.22342,5.9989,1,0.24809,0.10894,0,-0.032364,-0.20192,0,0,0
-0.21846,6.001,1,0.24743,0.10489,0,-0.032895,-0.20303,0,0,0
-0.21352,6.0031,1,0.24677,0.10081,0,-0.033426,-0.20414,0,0,0
-0.20859,6.0051,1,0.2461,0.096721,0,-0.033957,-0.20524,0,0,0
-0.20367,6.007,1,0.24541,0.092605,0,-0.034489,-0.20635,0,0,0
-0.19877,6.0088,1,0.24472,0.088467,0,-0.03502,-0.20746,0,0,0
-0.19389,6.0105,1,0.24401,0.084306,0,-0.035551,-0.20856,0,0,0
-0.18901,6.0121,1,0.24329,0.080124,0,-0.036082,-0.20967,0,0,0
-0.18415,6.0137,1,0.24257,0.07592,0,-0.036614,-0.21078,0,0,0
-0.17931,6.0152,1,0.24183,0.071693,0,-0.037145,-0.21189,0,0,0
-0.17448,6.0166,1,0.24108,0.067444,0,-0.037676,-0.21299,0,0,0
-0.16967,6.0179,1,0.24032,0.063173,0,-0.038208,-0.2141,0,0,0
-0.16487,6.0191,1,0.23955,0.05888,0,-0.038739,-0.21521,0,0,0
-0.16009,6.0202,1,0.23877,0.054565,0,-0.03927,-0.21632,0,0,0
-0.15532,6.0213,1,0.23798,0.050227,0,-0.039801,-0.21742,0,0,0
-0.15057,6.0222,1,0.23718,0.045868,0,-0.040333,-0.21853,0,0,0
-0.14583,6.0231,1,0.23637,0.041486,0,-0.040864,-0.21964,0,0,0
-0.14111,6.0239,1,0.23555,0.037082,0,-0.041395,-0.22074,0,0,0
-0.13641,6.0246,1,0.23471,0.032656,0,-0.041927,-0.22185,0,0,0
-0.13172,6.0252,1,0.23387,0.028208,0,-0.042458,-0.22296,0,0,0
-0.12705,6.0257,1,0.23301,0.023738,0,-0.042989,-0.22407,0,0,0
-0.1224,6.0262,1,0.23215,0.019246,0,-0.043521,-0.22517,0,0,0
-0.11777,6.0265,1,0.23127,0.014731,0,-0.044052,-0.22628,0,0,0
-0.11315,6.0267,1,0.23039,0.010194,0,-0.044583,-0.22739,0,0,0
-0.10855,6.0269,1,0.22949,0.0056355,0,-0.045115,-0.2285,0,0,0
-0.10397,6.027,1,0.22858,0.0010545,0,-0.045646,-0.2296,0,0,0
-0.099409,6.0269,1,0.22766,-0.0035487,0,-0.046177,-0.23071,0,0,0
-0.094865,6.0268,1,0.22674,-0.008174,0,-0.046709,-0.23182,0,0,0
-0.09034,6.0266,1,0.2258,-0.012821,0,-0.04724,-0.23293,0,0,0
-0.085833,6.0263,1,0.22485,-0.017491,0,-0.047771,-0.23403,0,0,0
-0.081346,6.0259,1,0.22389,-0.022183,0,-0.048303,-0.23514,0,0,0
-0.076878,6.0254,1,0.22291,-0.026897,0,-0.048834,-0.23625,0,0,0
-0.07243,6.0248,1,0.22193,-0.031633,0,-0.049366,-0.23736,0,0,0
-0.068001,6.0242,1,0.22094,-0.036391,0,-0.049897,-0.23846,0,0,0
-0.063592,6.0234,1,0.21994,-0.041171,0,-0.050428,-0.23957,0,0,0
-0.059204,6.0225,1,0.21892,-0.045974,0,-0.05096,-0.24068,0,0,0
-0.054835,6.0215,1,0.2179,-0.050798,0,-0.051491,-0.24179,0,0,0
-0.050488,6.0205,1,0.21686,-0.055645,0,-0.052022,-0.24289,0,0,0
-0.046161,6.0193,1,0.21582,-0.060514,0,-0.052554,-0.244,0,0,0
-0.041855,6.0181,1,0.21476,-0.065405,0,-0.053085,-0.24511,0,0,0
-0.03757,6.0167,1,0.21369,-0.070318,0,-0.053616,-0.24621,0,0,0
-0.033307,6.0152,1,0.21262,-0.075254,0,-0.054148,-0.24732,0,0,0
-0.029066,6.0137,1,0.21153,-0.080211,0,-0.054679,-0.24843,0,0,0
-0.024846,6.012,1,0.21043,-0.085191,0,-0.05521,-0.24954,0,0,0
-0.020649,6.0103,1,0.20932,-0.090193,0,-0.055742,-0.25064,0,0,0
-0.016474,6.0084,1,0.2082,-0.095217,0,-0.056273,-0.25175,0,0,0
-0.012321,6.0065,1,0.20707,-0.10026,0,-0.056804,-0.25286,0,0,0
-0.0081909,6.0044,1,0.20593,-0.10533,0,-0.057336,-0.25397,0,0,0
-0.0040839,6.0023,1,0.20478,-0.11042,0,-0.057867,-0.25507,0,0,0
-6.5947e-14,6,1,0.20361,-0.11553,0,-0.058399,-0.25618,0,0,0
0,6,1,0,0,0,0,0,0,0,0
